Total observations: 478
Total time period:10
Unit for demand: cores*hours
=================================================================
122881.3769	238925.1696	184018.4076	128338.9887	176595.7129	167831.3242	244315.4433	251717.5333	254237.8992	162709.6563
128730.277	248027.8702	181122.8287	140790.0226	187296.599	153277.4328	253409.1339	243689.9003	291946.1474	180426.366
140438.6009	255188.0692	173477.671	144300.3471	180722.3907	151667.4761	247437.2626	260301.1053	301753.2577	212149.0932
164892.1471	243074.8555	186044.0627	138302.0699	167679.8839	165267.1367	230178.8172	236158.3145	259809.5989	168686.66
161988.7955	225499.9144	177533.7705	169062.6969	176469.2214	192108.9847	283884.0493	255127.9418	268572.2373	216999.2063
185612.0616	256342.497	189638.8366	156384.4665	174326.7413	173522.7339	261554.1066	258112.2011	286318.2262	164921.4355
145910.7515	252959.4593	190208.1513	144173.1821	188810.004	190926.3074	251917.9326	253033.6867	251869.1475	181947.7679
161622.2326	247358.4289	186029.9674	146918.3226	181426.7893	174102.1714	287485.5082	240303.0863	253523.7978	196582.7337
150112.9273	238596.1016	188803.8456	158583.9926	184426.8158	177643.8301	239722.7387	252438.8749	293378.888	177454.2323
148790.1529	258296.7449	171271.9755	145751.0191	187524.4843	180601.8643	252536.4388	257669.2034	255225.1234	207454.6405
146898.1928	247452.5364	175786.7817	150922.112	188433.7139	143412.3737	255955.1092	265940.3805	258839.845	203436.5592
135483.3367	247231.6528	176449.614	134209.9262	168362.0103	162179.1238	278886.211	226339.2991	230966.5385	171149.8138
143492.5279	264324.3384	187127.532	153267.0882	164575.5194	166705.1607	284477.3921	251593.7119	290904.37	215241.1413
144693.2478	236619.1746	168023.306	123597.311	182699.1868	173600.2836	257767.6311	271932.8002	287810.4721	196041.2078
130057.2591	233772.5802	182190.0663	139843.2537	176843.3924	176268.6337	195257.4546	238008.9896	256761.7124	187040.9511
138591.4295	248132.2921	207009.4071	145248.5833	172089.5384	172326.8264	244414.42	246463.6064	267966.3416	175869.3521
124742.0823	273191.2144	184220.0086	134495.8765	169618.2264	183025.6884	280003.5629	262706.1109	254646.6556	169155.7149
138109.4082	245653.8352	173933.9099	162714.517	185833.1397	158904.3595	219947.3146	241182.2074	275640.5219	178771.5477
147677.8585	268330.8798	177770.3051	154406.356	185580.0423	173164.2115	313874.4755	234486.1749	280798.4956	188950.1224
129107.4238	228238.9174	176080.0123	166510.0207	185712.658	187576.7261	289975.2057	240037.839	229180.3188	204297.5683
136856.0997	263991.4919	185899.7448	146584.9751	180090.6296	187962.1421	249003.6745	267430.5004	265481.6706	229867.3697
151999.8098	266560.7897	179983.3911	148060.6033	167730.6687	173301.4001	293269.848	238712.14	260389.9383	161528.5407
132584.1609	235975.333	169799.3785	128429.7023	168249.2535	160676.6721	208666.0456	248478.6111	273043.5981	194162.3932
123359.2187	240943.5835	179287.3294	150459.8774	165567.5483	166866.0068	240906.8125	234350.1555	258107.6644	183444.5808
134890.9375	256859.1364	181637.3715	161106.7498	187280.5014	179611.9309	248881.398	249783.083	241104.2989	212369.7695
143207.74	232704.3942	187211.1358	138086.4221	170955.4271	174118.4534	262231.2908	305078.5085	222709.8715	181695.3934
143194.948	252542.2519	168477.6442	140612.6007	174598.271	169127.498	255494.78	231602.6352	291137.6019	227290.6167
153459.7247	251634.0494	187103.9457	138833.2444	171595.1003	159199.5609	235048.175	265568.3522	239236.7291	222398.7531
121001.4016	244521.7178	185619.8749	153068.692	164511.1105	180086.0612	231055.2738	248688.3599	267919.6887	184532.6768
133414.2212	248054.0711	182627.0572	163090.2604	165332.5698	164900.9043	295698.5478	217130.9978	245951.8072	134734.8848
113240.6783	238154.8042	194563.5151	152925.4937	182045.3516	160555.2631	257601.3028	208784.0009	272839.4313	182177.8668
116702.3907	261627.6271	192903.2015	153172.7209	178730.352	198081.0705	269071.8194	244480.458	279174.0209	195729.658
175342.9425	245208.6496	177267.5387	147297.9159	168708.409	167690.6266	243251.2263	235005.3551	273418.6286	194304.4942
141065.845	241015.8745	174311.7371	152176.2777	165922.5461	177833.6741	273628.9619	254526.1906	251435.2777	199056.7541
120078.5516	248473.4388	174128.7887	160202.636	185036.0114	191891.2894	219524.801	299846.1537	289544.5472	160358.1086
144361.6498	270463.4134	183947.782	160706.3393	187775.6319	181220.0088	258334.5509	247538.6523	283251.3082	204287.5639
137073.2616	287107.2891	187471.9375	166140.528	188962.5458	167214.6688	278489.5308	244408.4523	243929.6793	220292.3912
151541.8398	254438.8577	180912.2096	140790.7953	171215.8202	205992.3094	261578.7702	250502.2711	245061.0861	186296.9622
131554.5976	260107.3359	186778.4017	162352.1943	167360.1156	188781.3229	235325.3841	250946.8449	256500.7073	189486.669
137279.1216	232261.6355	192968.404	148435.3796	188359.5523	170875.1998	220980.0056	230230.3326	276703.5134	212032.7477
167070.0244	245652.9726	177379.3745	153039.2602	186693.2094	174900.4981	263859.3801	230481.1512	255155.5983	213298.7837
116306.6768	271338.3565	194012.6259	152281.1732	182202.6324	160985.0877	256476.5775	253317.888	238936.9615	159594.4129
111211.7139	237923.0662	167621.0775	148929.4192	176779.0414	175450.3234	308940.718	220211.0469	265151.0928	175159.6649
158584.5234	281858.6363	158933.7435	165990.6356	177087.5977	166068.3736	286016.5835	219985.5242	269688.0685	210069.6739
129659.7219	261886.6601	184769.7676	133585.6473	187453.6902	161596.4604	257179.7054	233864.0417	246981.0488	167795.256
108919.3445	283077.034	171217.6163	167505.3769	173316.4294	179556.7707	276352.7208	249906.7936	248380.851	183287.4742
122497.6545	224898.6313	190808.3517	145806.9119	185152.6598	146283.2397	220473.0332	228821.0828	255400.164	206408.1045
125906.3855	259245.6429	194682.2352	162544.9367	181190.4634	177680.2053	227487.7023	203073.8531	265799.3944	181876.9814
164273.6046	256570.2227	180257.1515	148724.0475	167005.1033	163677.9544	297773.9126	254462.269	286362.7004	189111.7601
164911.4525	237252.3387	167914.1989	161614.3026	164418.6672	184966.6949	242411.2999	229296.6588	286284.2013	184588.0257
159957.0647	253957.7534	175073.0658	141876.9713	176674.4115	166734.2158	226937.3061	257982.5431	289297.6861	188435.179
174839.4306	241272.1307	192461.7979	155163.0801	178357.1409	186133.2294	246199.845	273626.5101	263752.7833	207584.0627
126990.7549	277805.0103	188911.9275	126978.2087	178534.0972	155525.5569	256625.3396	254333.1062	250268.2504	178834.3615
152583.6881	244977.1018	195678.2648	141517.137	167398.1495	165431.7266	291573.9648	248427.9127	292518.8038	164589.8024
119740.9045	279781.1792	194865.7148	133878.6235	173892.7609	165906.4034	272638.2991	212473.3156	292827.3169	208622.772
128480.614	247324.2151	182990.9921	139756.3292	186440.0908	137765.538	240479.7464	266068.4203	288564.8886	207231.2009
157355.318	243363.4009	187099.9947	122728.1936	188905.579	156268.7615	282004.2774	229029.2715	258066.6137	188514.4974
151858.0312	240210.0932	193448.391	136333.6828	170502.7635	180912.1559	245565.45	219553.4873	288941.5082	211020.3457
168141.2418	247389.8888	185007.8464	145597.938	168378.6665	152491.812	276218.8167	247954.1511	233969.0666	200486.4498
139356.351	255551.5596	185696.7362	127454.299	177305.2061	169898.725	272875.4143	279168.2584	249776.0111	202734.0411
132470.8754	253122.8132	188803.0889	160544.4423	187171.9075	175207.5033	277982.6228	232741.8398	330043.5647	178766.1489
151011.562	227859.3388	181862.5013	165544.7481	183508.3107	148998.4877	288795.029	270844.7941	256113.2145	187488.744
153853.0014	229764.3675	178558.4089	140034.3659	165955.994	164807.3664	236141.4225	246167.629	249077.4183	208224.623
163442.0661	248743.8006	182819.3358	148017.5266	184509.1643	163125.33	253071.1465	243783.8008	282925.9498	183426.8108
126046.3412	255649.2223	177273.099	156100.7132	168429.6561	192734.516	230451.636	226963.275	242523.6858	187907.5137
140980.2577	240837.9194	179414.9139	165227.9955	171342.3532	173876.0961	229015.3405	256619.7514	240878.2929	200236.5242
144921.9314	247032.9777	191511.2896	145553.7375	185665.6814	165885.168	282821.204	266823.8895	244486.4962	203880.6783
144143.5578	244720.786	187401.9306	137929.92	169103.5878	166262.8114	252833.3908	256713.6048	274422.6276	189903.3105
136049.4981	251407.9419	189372.2443	152831.5417	178277.6657	165015.3578	305121.223	224571.5178	255724.3253	179765.9189
163486.463	235133.0611	181706.873	137473.4759	173331.9076	178547.9029	277396.2621	232153.5651	244281.2969	187567.0277
147130.6689	236527.0728	189315.1081	133141.6743	168786.0869	182882.7557	252241.6951	227813.1151	293770.2303	210454.0977
121243.9242	249717.7364	190687.3649	142324.0407	184755.4484	161065.5432	258045.0617	252732.9004	266389.0658	160942.0508
148045.4103	271221.6671	176935.3704	149949.0811	185835.8654	177738.8824	245841.836	235004.5969	274299.4987	235836.0063
145314.7058	249080.7349	189968.7303	136635.7098	180369.6738	189969.6289	275083.2375	247161.8808	286084.2379	173632.8703
134406.4725	231219.1315	176107.6685	148686.8131	182451.9267	157198.4705	243943.3924	239576.0851	286597.0481	201436.796
113096.1466	243315.694	179551.277	159313.6079	175681.1066	184940.6954	234017.0234	271801.1154	273509.0247	199209.9928
149066.2027	251304.4959	206049.6136	161987.6692	169409.1766	195454.2836	234057.8458	263857.7316	276085.3574	156407.3294
119989.313	254930.2762	181318.2805	152514.8042	188355.5722	178331.7015	222998.0126	241254.0539	281678.3829	171574.9038
143513.7301	252368.7395	184358.9746	156855.5299	184411.8667	180171.0304	259507.3647	241160.8717	263818.0959	198996.5747
138195.3639	208026.0116	181036.9259	140547.2626	182803.9909	178279.0658	273448.8866	234325.2861	213706.8675	206804.4198
121240.7836	235481.9245	177812.1081	146896.8281	176719.8113	180739.3413	275889.224	228380.3448	268381.1876	175236.9027
157050.4515	249868.709	186291.7103	157364.5136	175546.5458	170888.1062	275367.8666	237609.4496	261630.863	172639.0068
152295.4489	238461.5442	187909.0133	152449.2286	174237.7389	171476.3404	233906.6857	244939.2953	238632.1305	221094.0254
112181.3488	232945.6247	187341.2018	132014.4394	168931.5813	180537.5123	238440.2844	233228.5888	265079.7189	188612.8505
150980.9625	249396.1454	168565.8789	151841.1267	165755.0093	153783.5193	217432.5481	266528.4006	236802.9828	203276.756
151901.3612	260842.0505	188589.6307	145050.544	164221.0029	167218.7595	202741.4496	272501.1525	298353.7362	203329.7128
153186.7866	241453.9167	186214.6371	142126.1226	174463.4116	158170.267	243660.9728	254196.9658	253601.2011	186375.9379
127173.5976	251586.7811	169423.9692	150915.6046	185127.687	158711.2704	281639.9984	238949.1353	285714.0171	178440.1791
125931.0391	257204.7931	190831.7916	166030.8231	180836.1902	171133.8511	274789.1267	251985.6337	238637.91	179032.637
142100.8996	257916.7641	192306.4441	140819.8638	169386.121	174764.2278	251138.4208	252690.7349	281273.4979	163073.1771
161499.1006	247223.0623	181689.1633	160444.0269	165040.405	176331.0035	253443.6867	219073.0274	251887.6651	163482.6685
149732.8996	253004.7147	178034.4776	140025.3457	171512.9078	163075.2218	238395.5077	269140.7592	246026.3837	173846.3059
113083.6409	233199.1993	193514.5272	150364.6244	176390.1152	164022.3095	284425.0473	283677.4209	270820.1086	170755.1292
120386.3308	221247.1419	184467.1008	132821.9673	181302.4134	164422.6489	239827.6264	261625.6113	263952.0468	176308.8867
159861.7978	237312.7326	202847.3234	125754.8341	186501.2548	162623.4989	229020.7694	219090.7612	285821.0065	178597.7021
187229.5635	234590.1926	189184.6837	151939.8676	166267.1221	156780.4318	260279.7229	230765.6166	260780.0679	187513.6957
119139.4444	251884.6752	195877.086	165325.4163	177961.951	140900.2982	235097.4828	248883.6268	295892.7709	192549.6954
128402.6848	253733.4105	186976.8771	152071.8009	185400.7646	146538.6779	280172.9228	220151.7311	289371.2249	191931.2702
158762.9248	258435.7418	187968.6418	124762.5006	177643.4822	176413.4961	241588.4715	272531.839	260432.9018	210860.5941
143838.7338	267851.6161	180957.1973	154885.3062	167943.7894	166941.2712	264006.3353	240197.7632	260425.5821	174514.1236
143933.8126	234785.1827	176879.8055	162772.94	180161.1852	209787.5675	253194.2584	238684.9997	271546.4701	197985.5804
149317.7233	259835.483	180632.7531	133495.4737	173110.6854	162907.3853	263618.5704	246998.2814	239330.6826	165491.2293
138737.3562	240580.1922	191096.8043	156850.8669	164576.1809	178929.5523	263111.6561	261517.7376	250503.0789	180683.7392
140107.1376	240719.2293	180016.5795	130486.904	182503.3109	148618.6175	203452.5654	243927.8657	253786.5922	176102.8074
163178.6054	273826.1385	181843.8735	144488.22	166585.6259	131310.4272	283983.1548	257874.0133	289127.6234	228455.8953
138248.3389	250131.441	186897.3835	146138.471	170284.8961	167873.2522	285466.5775	275277.429	269616.5852	204041.1359
157273.0184	250139.8679	185746.513	146173.0979	167943.5147	175681.977	200343.0022	264099.5987	278458.5039	204502.2694
160557.7881	254017.8569	176337.0187	141674.6566	178836.3745	174548.985	266572.6587	231108.3122	257374.755	162861.3624
151973.276	241383.7749	186378.9521	142735.8742	184513.1936	175138.0831	248455.9216	242895.2867	263730.0433	188475.4641
137169.2138	241788.0798	195873.4139	146659.5338	178842.0437	168194.5264	256561.3713	260968.327	247065.1449	185370.9693
107117.691	258681.6925	190634.4795	155660.0623	171815.9343	143079.3888	240035.7889	251159.2486	256410.4092	183796.292
162490.9632	248635.9176	191203.5875	149655.7497	182008.4164	168058.0903	279268.3392	244213.7322	238571.7492	203757.2592
140974.6481	268043.0584	182747.2466	161158.5898	188378.7586	158341.5271	276603.4691	220987.0534	275631.5169	168132.1795
138045.8801	252463.8483	176475.4552	140027.123	166834.7106	165605.0772	226818.1457	267699.8292	273901.6038	172005.0639
119622.0663	224685.6998	178017.6405	149392.3551	183586.0882	178783.3735	240289.9691	244357.7483	291903.8426	218661.0859
122447.1839	258558.4927	185966.0716	154380.5522	166861.3342	197718.8132	259408.9265	277568.6079	300172.5464	147672.437
117354.4246	249625.0376	172672.3038	173767.9554	171188.9859	189686.2213	259173.3465	276618.7435	282665.1733	213593.3143
123888.4622	259313.7024	188523.6475	136407.9311	181272.0276	155985.3033	270635.1939	245040.4087	261504.6505	200772.439
129843.9965	253696.0951	190559.7354	141984.574	179461.7426	157616.965	240485.3647	277302.6817	280292.6509	190053.287
149131.7378	259398.7627	170048.1721	150252.5871	167155.5821	186091.6543	197933.6447	241368.5256	291939.6577	190254.1517
122915.3211	242711.4998	173939.9741	167794.1496	164818.4613	179968.1807	271151.4489	258387.6333	284522.2599	182693.2741
132037.3269	232245.3585	190613.2812	140614.216	186131.3549	160060.2985	274899.8232	225730.6165	253508.1036	164546.1603
142226.8388	257275.431	178583.9397	141201.7759	184045.3211	183414.8528	246443.9236	216522.3694	271276.9294	234522.3619
114543.6473	265486.0595	175439.0686	125602.4478	186433.5793	178347.4653	304409.0728	270251.4914	281239.6288	198037.5052
128495.8173	252724.356	183606.9676	124886.972	184472.1828	171670.6631	277718.0035	243940.4354	291000.6381	214945.5461
131271.4087	256121.3924	185083.1562	140969.0998	183720.213	144824.6906	259098.9066	215370.142	281516.779	188333.6525
143838.8911	252772.5825	182326.4902	150727.5426	187053.2021	176992.8926	274758.4441	229959.7565	271333.5711	176182.6288
121263.8481	260199.1959	183180.4277	151910.2424	172179.4072	173764.0603	277822.2133	266358.4261	228253.0073	200704.904
155520.5932	260365.9681	172880.3322	169243.3693	168357.5861	180104.6976	221414.6209	233384.7001	242564.9211	168115.0151
150881.1125	244832.6407	186055.8672	143094.943	175243.7457	175601.3845	292156.7033	244931.8242	286402.0973	183500.416
131391.5293	253077.2293	191621.9372	152986.3291	178315.3251	189838.8693	234379.8369	218934.1777	282848.4329	183666.2884
139212.343	231780.6775	193193.0345	150773.7974	179011.545	178580.5992	325980.178	231235.3206	271307.4968	209428.4059
133303.088	245869.5253	165960.1712	133675.6664	169112.0805	177974.3504	244080.6817	262843.8292	253330.0578	192381.9237
141045.3032	251707.8511	187557.9424	155437.7996	185490.1217	175078.3445	245008.3219	245260.8149	276650.664	184281.0904
119754.8186	233927.3578	179255.3257	137598.5006	176556.3377	177449.3074	250974.2673	238134.8971	257086.5937	166212.9755
149002.8643	250033.8846	181460.3471	155331.8258	169626.6466	162450.0068	254292.1713	248558.9999	258884.0133	169319.4002
117624.7652	228629.6818	190805.7876	147120.1009	169913.8261	173623.9305	215622.1358	250222.1345	267634.5453	195960.3802
139395.4451	240420.4446	187262.0538	162789.3722	186177.9923	176979.1305	280894.9185	243081.8729	271300.0614	205740.599
146848.8863	258167.4734	182586.0093	141741.2556	176953.3541	153660.4123	198003.9222	229047.2252	256211.4206	228848.3487
138629.4321	249649.1437	182289.8355	131338.1322	184900.3336	182884.1325	293142.083	264506.2662	254411.8213	186034.6659
154056.9387	258469.1873	194565.3069	133586.1215	179149.0645	173491.2516	244228.6483	248429.8124	243995.9302	151659.7853
118134.8814	244749.8674	179362.7276	165174.0493	181468.1582	163923.3127	216731.7282	246657.3705	279749.7929	187650.1088
155046.9063	263034.3506	185222.412	143260.052	184542.5444	140896.93	249054.4578	256544.0534	263025.6381	226210.6328
163290.7461	231644.1895	175739.267	142302.5128	170639.7243	188563.675	296520.7636	251187.3725	239463.7882	180992.0056
141457.8927	228013.3773	181038.3405	151850.0397	164340.4418	192396.7208	222520.5367	253837.5433	280391.8899	195553.8995
147882.7406	248667.6814	187634.8431	151627.6345	183624.1317	180126.4082	199771.6052	211937.2237	239378.0729	219298.9082
155705.7936	266248.8605	182242.0442	157498.0314	186650.4309	171409.7394	247015.1667	252193.3167	272057.0755	206606.3377
126627.7513	250395.8551	182809.5363	144141.0189	180776.7458	173994.2323	280653.0672	250636.0284	262829.4399	160140.0727
121024.5176	250800.3345	186338.2898	146844.616	184086.6974	165445.6634	236752.0244	276469.9921	275124.3947	165386.639
143523.2612	281565.5353	182825.8885	123877.2708	180561.0985	186905.3842	228063.3874	257140.0835	255452.2776	194392.4234
151631.5535	240561.9129	163405.3399	158426.2606	171196.3405	159219.5159	266203.2696	265082.7832	277703.5723	208344.1511
120038.2571	239221.4737	181565.0938	147626.7321	186050.3351	153760.3691	287254.5621	278963.7283	291748.8001	166873.7874
134063.3495	231105.5519	197094.0366	148706.2181	179389.3194	159559.128	267422.0997	256572.6477	271235.7322	202638.626
140675.6184	241297.2731	170598.091	142094.9584	174789.3452	190959.6131	258359.2484	235141.6141	236908.5048	188804.1658
136735.4062	248589.49	197681.5299	142553.7335	170695.567	185459.5183	231529.7775	256596.6301	261804.7633	174515.1821
139575.3944	261740.014	177010.5112	122670.2331	175785.9009	150690.4637	246941.3001	236098.7368	271836.7552	177651.6402
146870.439	245341.7509	188320.7133	158460.0854	164353.2654	189674.7594	285004.1514	250796.4609	246020.6115	195226.0174
126540.5611	252125.7096	170786.2884	145732.8251	188352.9879	162728.0609	249855.5751	266728.7266	253299.8118	180580.1055
149196.7831	239061.1953	184390.7166	137553.7331	167787.1308	153582.5285	302326.3062	225876.9924	309740.6805	181946.9886
166627.952	255533.0504	183549.4876	161100.1932	174661.3756	173100.0051	262448.3533	238675.7684	268905.8527	162734.4826
127233.0766	232197.1587	187299.3709	138795.6739	172266.2796	153072.6442	236017.5481	232719.115	281974.6318	166617.567
150444.0504	263853.7844	195056.2942	126502.9047	188918.8825	175303.1586	281185.3636	229686.1804	249679.749	179748.016
159374.6023	247101.9983	199895.4409	135001.0405	176832.8816	178450.7216	262332.5847	238678.6924	284015.5459	206382.0825
134034.6706	270237.2225	171145.1228	151010.119	181527.6821	153036.8335	301251.6325	232908.2788	293468.5992	180452.4909
161861.404	277025.4721	184131.2033	162845.2043	183085.7875	163185.4015	260178.4009	282312.3634	249935.7538	177102.0306
134401.8199	243206.0135	165029.6348	122584.0801	170551.617	194211.952	194645.7712	263959.5678	277910.0484	186875.9725
146746.559	234954.6833	193912.7404	161911.8012	182732.9684	186002.6508	260598.8629	251406.3988	260298.0285	166325.8509
120206.6915	233498.4707	183922.9775	131246.5307	188005.6454	193281.3037	284072.437	274119.9243	288434.7209	198933.7216
138152.3706	244128.4313	185939.4103	158962.3086	168881.8881	186272.8027	258213.5937	301675.9389	229654.9203	216129.6102
122573.4326	241803.117	183519.3249	139380.4175	170773.1083	172028.3937	241803.0278	253358.1118	282424.0998	135558.3791
157824.1981	264605.24	186466.2096	140650.7082	165157.6676	167383.6135	245652.1719	233293.0951	284289.8406	155543.1599
167875.2087	252879.5301	178525.9264	152388.8451	187428.5401	160399.8523	245219.0125	244540.1208	288715.8568	201725.0851
113107.8031	255516.1553	180344.4859	141077.7703	176904.2261	190625.7988	249342.202	224656.5418	262467.8445	188602.3999
137698.5358	257782.404	190390.5834	148464.3086	177380.8988	159265.0437	277286.2533	233248.8074	298552.8226	202680.4227
131159.2424	257201.2641	186923.3373	152125.8284	182380.94	181550.3671	287273.5326	261080.3824	239975.5021	164496.8633
148001.9811	249298.4005	192563.8958	148417.3624	171811.5683	169467.723	274355.6407	223645.0048	300834.4581	199423.3064
131279.5606	250328.4394	181192.8375	140959.1764	185760.5272	166300.9477	283029.706	217739.6879	255646.2069	180876.0954
133551.3914	230994.8474	185250.4997	164165.7638	170354.1499	149653.9634	265622.8325	276738.8902	256829.1025	164408.3363
152868.6124	252364.6606	194361.9263	157296.3391	184400.4005	165293.5768	266001.8322	257214.2822	272315.1305	175133.8861
161347.9825	267015.4266	190103.0217	155189.7957	185109.609	156555.7542	249706.2309	231509.2567	303424.549	165634.978
126747.5843	259853.6464	180978.7015	145529.0868	176990.5271	153373.548	215875.0891	250575.0735	252249.956	208246.2094
149768.6525	268528.5981	183582.0214	152278.76	186425.8028	187025.412	233132.8599	227312.8498	254798.6259	205881.1853
159374.644	224951.3169	183364.6842	137737.7081	177549.8251	176605.9145	236193.8826	253822.5768	265414.1948	184461.3664
115219.5997	239631.3666	179351.21	125436.7088	174414.0034	170148.0534	252795.8706	260804.5453	289024.925	178172.9947
136865.4616	253405.4245	182909.8594	150534.8883	188230.1753	182526.199	241550.0383	234640.9782	245316.0149	192053.2486
135702.9788	238894.6611	179021.9267	128688.512	183415.8794	176146.0509	234803.1665	223574.4589	255597.9641	226688.4145
138939.8629	264721.5099	189683.0937	141255.0809	186196.0706	175762.4957	280923.9403	268697.1281	292926.7052	201062.5234
124275.7874	243340.9834	183065.0334	145739.5165	166794.0137	174690.5583	279045.9803	224844.1541	287078.9151	183628.6598
142238.646	248334.9162	191605.7785	150721.8411	175602.5778	159365.3488	316194.72	222540.8178	272883.3764	197268.0724
144729.8714	251722.2801	179739.2111	159154.8157	186992.9893	151605.1492	268131.0679	243254.5479	272725.4331	180481.1176
137072.953	244882.0032	183569.8369	116956.7263	166977.6318	157922.7961	227167.2562	229683.669	253215.6765	204620.1235
159382.2041	235027.474	186728.4946	166382.6233	183062.6976	190545.4719	302134.8275	232971.9022	251125.7738	188822.2483
160609.9421	258144.5777	191103.7477	177433.8384	180518.5897	176024.8719	268481.9948	232194.9902	240123.7929	197175.0305
152859.766	274477.2854	194910.7263	152901.8922	169395.3568	167723.6153	255323.6631	239077.9366	246506.0411	164164.1415
126799.7769	270244.4287	185076.3701	139270.7485	188899.1441	179996.5073	207629.6404	282617.7632	238958.1697	181233.1431
143424.134	261911.9848	181983.8799	145383.639	186541.4227	169100.7447	257872.941	249738.8895	282661.4933	179988.8987
133742.3051	258939.4453	179160.336	131667.4295	181962.8416	164632.2161	297817.0077	255096.6506	254938.6341	226834.1897
128286.9799	278047.2611	190253.5815	149724.2675	167710.9426	176116.5705	266275.2932	256576.3391	295977.7085	154251.4966
133243.6932	248504.0206	179158.1047	119574.7436	164018.1111	175573.9337	244815.5112	233119.1994	269490.0908	165291.6789
149886.1905	240730.7436	193355.1417	161454.5451	168419.591	165160.9844	265062.2637	271184.4643	306914.689	161393.8921
121891.5415	259923.8902	183091.3952	149836.733	166109.8455	154086.6614	241748.2187	257107.9886	277428.2675	183899.7773
106442.8625	242210.5156	186316.3219	148193.1206	187925.3127	181731.2173	242126.871	230573.0083	251194.7418	213033.6623
161687.41	268931.4306	187468.1595	167038.6891	164870.1737	178552.705	275261.5062	242247.8439	240618.2923	195302.7556
156539.8332	238487.3519	193349.3531	160897.039	169154.1718	179479.2043	252702.1021	280439.1084	299520.4202	216117.789
134174.7048	256960.0306	189736.9246	130691.1885	173187.2225	172166.4957	246471.8694	231802.6931	242321.9676	188247.1684
128878.8235	247608.3886	187034.6633	142024.3649	182985.9525	175340.4785	288867.4662	263373.3918	254185.9448	175868.9038
147338.6657	252205.9319	185517.1804	139602.1871	183349.8855	164337.7423	226629.4968	224145.201	255763.8125	175350.3704
138820.6391	241780.9086	191608.2925	155680.2288	188018.566	183318.2222	271503.806	231809.0456	302293.2666	186485.8097
132659.7995	242516.6387	202299.6559	154883.0583	180180.9493	170219.5738	252688.6819	248664.1942	277415.9129	200694.9395
131217.0666	276317.2679	189843.1629	163606.69	173635.1211	158759.0731	258468.7933	236408.1953	279144.3488	201349.1753
141502.7704	246083.062	176835.0509	143660.9514	172026.185	128946.9497	290511.9704	246286.1532	279342.5485	200796.1214
174233.1771	226623.5864	175372.8665	137822.5028	166925.2677	163355.6225	227108.7506	253193.0032	255784.1869	182309.858
148568.536	267053.5026	188227.7233	156876.3641	186397.5967	172945.0781	250064.4584	257985.0718	264242.0291	167438.2314
152766.8936	259171.5191	195547.8975	141834.8508	170694.9454	179279.2252	222288.2151	289304.2752	235702.7116	206016.1653
147549.9742	250373.6512	190000.2495	147568.8609	185944.0348	165211.2111	265066.647	276594.7687	269853.6926	200140.85
143970.3097	263027.5724	187821.9607	158566.6632	172436.1244	178448.2206	293326.6281	246379.1712	265580.4267	200174.6385
150037.8552	258059.1085	186457.9546	145863.1574	178536.708	165475.243	251491.7654	248980.0626	239736.8336	182528.5073
131937.8555	246162.4936	187504.2568	166828.881	168862.1484	158343.9488	204232.324	245965.4962	273699.685	190362.178
136196.1165	279982.5046	182844.4236	148051.5609	171839.4717	185293.1237	301658.9264	219061.2341	270059.647	202440.0782
128504.5811	270181.4586	181611.8935	139882.5887	186700.1607	169743.9027	306444.2205	238739.3024	230580.9662	196327.0941
151745.9914	253821.7625	193227.9029	148173.3027	175555.2253	166929.1092	244302.0083	227909.0864	252671.0402	198144.1303
151509.8367	270991.0667	198747.2337	150945.8555	179817.6889	175393.6075	234005.1364	263836.7919	260313.1031	177593.9048
130045.0669	237664.1611	186250.7958	157838.02	178514.7443	148416.4804	283615.2897	220995.7326	266924.6829	224000.8284
153687.5381	258563.0734	187336.5279	146502.0242	183135.9064	170061.617	223536.5916	269576.0073	286410.659	160675.6872
145864.8896	237631.5887	169027.1141	130796.8295	165179.9172	157008.3218	260457.5863	219189.0946	271035.5386	162597.1126
143598.5986	227999.0778	174656.7212	163566.8537	175678.2175	188355.1315	296205.1765	258486.6494	264253.2662	197805.3374
144728.6309	248297.4811	182502.4173	138205.3295	179775.6989	157932.7403	282655.2843	259894.0218	238361.1709	191268.6242
139229.6741	274709.0274	186876.669	151256.2691	173819.559	175481.4035	279186.6682	241665.4349	266703.5574	160074.238
131782.2091	266969.7749	178322.874	157054.8216	185843.4688	177268.8401	245757.0614	246673.7675	260904.0857	196949.2595
140490.738	236995.564	181902.173	138625.3528	182493.6341	197437.3283	273163.1789	258827.2486	281360.4404	195142.511
149066.4375	238889.4036	180592.4183	146003.1001	187306.3929	183718.5658	284936.1034	228197.2073	275471.1757	212068.81
120508.5225	225405.5123	196020.9288	159589.9021	179952.2807	196138.8455	253367.2218	199390.9707	252850.081	171084.2624
151086.3975	241407.0315	184993.9879	159281.2308	177258.0506	184786.772	208893.8612	248847.1151	265043.3503	152782.4119
135022.4719	233136.2544	193831.0051	152703.0118	164336.5545	170272.2691	269857.9147	229434.5318	291589.4848	185974.0619
149129.5188	238891.0143	182252.3804	141915.5613	179701.77	183821.636	236796.9005	274408.9848	268077.575	155272.8632
154450.8662	250416.1029	184122.1289	142007.9926	186507.8697	168211.212	228471.5472	253711.8541	241642.0087	164784.5397
112188.1136	262086.9804	186040.6076	141119.3913	184333.4933	148763.9643	270478.6983	242512.4497	266932.7503	218089.8833
145666.4129	233670.4921	181440.2788	149279.6089	170304.7777	153152.3147	260817.9317	273807.759	308666.5027	165361.4699
152299.3891	254597.3873	197587.6737	156929.3887	188011.5293	165432.1671	233813.1191	270712.4775	262663.5945	205123.5884
142107.0716	254085.7357	191465.3918	161222.9745	166630.127	178050.4415	217757.344	210775.9491	295237.2361	195862.347
159945.6507	261742.2735	181607.0149	158062.6518	175959.4387	173205.5144	221968.3463	235667.2398	279875.8874	203541.5678
172838.7237	263667.5779	182942.0286	142174.3076	175419.4486	189543.9279	295762.0577	259981.082	246517.1113	176181.73
160991.511	257231.5403	188308.9735	146574.0782	170049.8327	171054.1122	235666.3749	238656.8428	252202.8059	174955.2261
149351.4872	232681.4832	180763.8928	153321.8233	188979.1145	153834.4479	240582.5348	224257.7844	263885.4056	169455.6028
136057.752	242295.1061	180234.9341	151931.7016	172596.7704	178795.344	293834.1515	264020.6011	254291.8177	170315.6591
144139.766	241545.3941	187792.6726	134943.5113	186175.81	162743.7402	242654.1129	240108.2633	279383.2823	217866.4743
152513.5919	247594.7306	185782.6278	134864.2889	177226.2624	175185.9907	283649.6709	252935.3342	266504.1441	225119.9791
144370.0392	237601.2137	185890.9289	155711.0578	183132.047	173411.8775	276975.4906	237556.7473	236041.8992	231734.5809
133976.2259	271144.5327	186382.9161	169417.1357	186997.5561	163852.6476	281550.5755	258776.566	265497.5818	156416.573
154162.8027	242055.5026	180054.9042	145019.8961	169051.4195	198353.5246	264724.543	231208.7193	257285.9518	169088.3388
172487.1424	230731.4558	193510.7822	138407.255	188630.3346	162184.3818	268556.7894	234780.3695	263664.0354	168695.188
143331.0579	250246.9276	188250.1253	150432.5221	167427.6082	194285.9075	272865.7416	257587.0666	304208.9819	206961.9541
131652.6716	240755.295	184974.893	146778.1539	181543.1608	179909.0231	239970.0931	235374.8349	270633.251	184854.0773
142140.4643	242770.5996	186976.2148	166463.1046	179510.4741	147531.4799	276607.6806	266134.3335	250370.924	184816.0714
130494.9634	258130.7345	177385.4312	137891.3392	181306.377	189219.139	245418.8566	262000.7283	256222.3338	167844.0638
162317.9049	239832.2712	197619.8354	164782.6467	186016.3091	178725.8783	257840.2055	226235.1599	280387.8427	168377.3136
139120.4617	257942.7662	181932.2426	148859.719	171420.0572	160723.6834	236779.981	244293.8757	262767.0897	221661.309
117836.0728	235131.3132	175387.7472	137206.668	183733.4288	176528.1249	208791.5961	233446.3415	252034.5781	192408.6551
132175.8874	242762.4542	181623.8554	169425.7956	166840.4663	173781.3599	227270.9673	248067.4627	291699.9074	183726.7044
134964.5222	258130.7065	186340.378	138271.9943	166105.3914	164599.0114	289400.1888	241907.055	242875.0194	157143.5184
143457.7244	262232.8468	190940.0094	157188.3879	182776.5181	183446.1681	264352.7948	264010.4712	245436.7068	204332.2412
177418.1649	260015.1909	184307.4338	155619.4704	167621.094	179295.1636	230694.5302	256593.1448	263402.2953	153518.196
139913.689	247913.6195	187050.5471	156462.5587	184613.6515	195695.0891	266026.4428	255654.5071	253298.7663	194846.8279
111920.8871	231962.5727	191504.7717	133619.8372	175468.5458	177009.1672	252606.5458	218889.0908	287315.3672	159224.1432
122806.3547	238117.6063	180361.3952	151507.9124	165686.6397	164136.0573	277287.9906	242253.1176	287778.0934	206632.682
140486.7686	253024.186	187516.3442	133231.2781	169675.4447	188359.9791	247177.023	253878.8842	259277.8935	179943.0065
120563.1373	249967.7493	180886.5278	149122.5982	169784.961	164036.6678	273065.575	234722.7396	266893.4444	173992.6602
126113.0396	254480.1522	173108.4103	125343.4686	164945.4594	181746.9761	274917.2126	282484.1566	233389.1083	239165.5585
146317.3919	226080.5065	184199.7639	151674.015	171821.0003	180545.8896	230976.3677	269438.1695	279634.973	168372.9063
136121.8358	252694.9993	189168.9374	125628.543	181311.6686	164759.244	235685.319	233525.6446	258452.0055	180590.9501
160325.6424	236438.1858	181222.8535	153052.8113	165302.956	160437.3496	275498.606	257835.9867	224522.1842	162288.6407
139538.8999	262422.2121	178150.5043	156608.1277	165932.2231	177216.9886	246593.4982	261483.8344	256205.2087	192710.3705
126583.8645	255826.5853	179897.6524	147807.8161	186622.7941	158443.5942	284529.6943	256869.0863	255619.1144	187804.363
146959.0602	236869.4161	193747.3577	152761.7869	171028.7719	179874.2067	258033.539	262645.9634	257141.3046	157295.7758
148869.6754	250311.9716	184933.4956	144174.228	171591.4467	176446.7156	224562.3229	220574.5648	262623.6696	199028.8112
149786.6797	243288.2389	189821.2146	134111.1531	169056.8789	166703.6836	209087.9855	245049.6877	277355.3439	201565.8467
139718.9267	265307.438	173579.6233	148370.9975	172813.4471	160537.4431	285845.9903	259995.511	233897.3932	206262.9579
107508.9617	272773.1626	190221.7301	150085.1495	176071.3717	156207.6133	220277.0625	281923.7309	282924.1583	227513.6366
132824.7977	265477.1025	183452.8377	144073.771	175993.1914	182535.5857	252486.0736	211014.2183	248799.4252	176750.2862
159990.6805	253534.6671	196264.736	145860.8842	173841.8289	156158.6848	231840.0408	255438.397	279587.9967	168870.5918
149959.6634	251755.9707	181141.2538	136537.3974	172459.0774	166347.7148	274696.8519	251718.1838	282042.4269	175048.7041
154680.6979	245481.1864	191827.7226	142749.4916	180193.2938	157896.5465	233007.1774	221801.3197	288908.4198	212672.8936
147808.6395	262723.3699	191875.1925	139214.6386	175313.0783	184458.6753	298082.1122	245736.9265	240474.2696	185917.6776
159885.0935	240404.2997	181547.1944	129981.4356	182822.7379	165871.6693	252882.7168	218597.9743	272237.7652	153416.0203
130664.8826	242059.0287	178687.1945	141573.8505	174157.8135	162385.0329	302229.3045	281779.2304	238162.347	190681.0802
122781.9639	231107.3069	179602.5626	135247.6281	169229.029	152051.562	237248.038	243100.3645	288317.0849	177150.2998
159514.3261	240238.1292	180731.3171	149771.5674	188948.3365	156953.8553	308568.5365	271145.1768	241324.7225	180193.4518
140745.9759	243146.2483	168752.6487	147098.8561	174134.0799	155472.0804	279043.2128	239957.706	282131.9533	190069.6114
137376.976	241129.7574	179888.9012	153921.4031	167354.0741	166945.5363	319577.5587	219140.3285	299224.7629	191193.9938
188446.0444	267579.1501	190840.6719	144136.2791	169187.2344	158008.6131	238176.7826	242369.3526	281845.4877	174679.1917
142726.8536	254116.3672	200169.3882	142624.7855	165375.1413	181637.6308	217792.4979	237091.1219	276734.9376	232508.2815
148228.7411	245585.2145	180273.3397	123117.5287	164427.5897	164951.1745	250379.5804	290861.7037	283641.0875	195555.2522
116904.2327	257856.0399	160820.3113	163462.4769	169888.587	159755.0093	223102.9694	244920.0832	247179.7676	228760.4812
135316.5459	257983.8814	197288.9982	124748.0962	168080.6901	163680.1951	329606.4008	240311.9094	286063.5397	172154.6441
131156.8889	243217.9762	183073.9243	167761.8695	176422.7267	167086.1316	243054.1559	205132.4663	219306.9314	209127.1806
154384.1733	261432.7801	192786.0694	120216.5795	187838.7208	159341.4744	229126.9986	266786.6261	244080.6353	186262.7789
148851.215	257784.2876	181313.5939	156925.0745	174193.0774	199021.2316	238321.6039	241909.6862	258130.3503	192614.8865
133537.6374	240739.4917	183971.3835	150973.1843	186136.9186	174621.4334	211616.6141	239754.05	294773.5592	215973.004
153997.6699	242319.8315	183977.4042	147174.4393	165400.8694	155671.3369	298737.7307	236567.2763	275782.5475	174392.3061
118445.449	252972.6301	189026.4129	150464.984	177486.8942	190714.576	275458.4895	244412.6541	272364.8082	160935.6423
104833.4778	253203.3141	177827.1133	134796.4437	173676.0812	176655.344	243477.5332	248766.6423	326837.6107	173070.5538
127945.5008	263417.7045	188441.843	153491.6128	172831.1903	172664.6413	275493.1884	259338.4055	266532.9187	199860.5112
150913.8557	231817.4941	182890.5291	145842.0308	178820.666	172227.4374	266372.8808	265972.1534	276884.7937	175444.4931
131887.1371	224512.3405	190475.0985	151067.3642	171168.5074	164079.4887	271191.9166	248288.6841	274777.0759	190103.7723
128963.9954	248272.9359	193928.3368	142211.0812	180976.5639	158854.3782	314362.6624	246853.6775	268396.3308	212915.3226
124433.6318	235775.3604	181766.8568	146693.1334	184156.5642	173479.7914	279773.948	231318.4657	265957.8844	199844.2102
153803.5655	246422.1521	181966.8582	157143.3928	166829.1305	160923.5001	219347.7284	266234.7568	276038.2985	211303.9637
145671.1247	243831.7532	189745.9533	140984.3511	177568.4129	152001.8777	236003.0359	277158.1899	228552.2934	189745.8712
154293.7094	255227.2926	181914.3036	126559.3206	187629.1388	170204.191	286117.0877	232407.063	286311.9401	186864.1395
141553.3754	242398.3914	180377.2227	152344.34	165277.564	165032.532	254568.793	250845.2293	258022.7359	160880.2394
169918.3111	234107.658	178699.7918	161587.113	187057.7496	162162.7997	258511.8513	234370.0502	221638.1656	179615.1128
169545.3864	232144.0268	199149.4402	152557.3582	170234.0667	217440.0415	264908.9301	252739.4894	276950.0713	205221.1635
128880.895	263587.2969	186965.0368	151583.3679	188891.6244	179061.3067	248182.5347	238303.3252	283785.1327	175525.1799
146697.8086	274929.7856	187099.7104	140812.2074	168161.9961	163239.2769	297248.1361	219431.215	247618.8392	193517.9276
121666.7175	230840.5584	193077.1942	142248.3223	173779.5999	175719.0396	298619.1877	266987.6893	270718.7709	190681.3196
192052.7684	243970.6534	183673.0593	140083.229	178383.1751	168212.1075	244685.5263	234148.0356	277925.6592	186732.3227
131322.4748	249305.2992	193543.9202	144000.343	174187.0416	154113.7139	269392.8853	248006.9942	253590.5165	192487.7107
134669.0481	245779.7096	183376.7236	148026.2676	167212.0128	160990.1188	285286.5513	239642.1792	252794.6488	216090.9441
140773.4877	249166.1099	176116.3077	137040.7148	171435.9403	170436.7215	254705.6366	241777.6996	267665.6382	187418.4435
147068.7807	266996.611	190041.6842	147301.3543	169494.7279	187230.2294	231126.7961	250601.8675	266203.3114	212440.1536
145051.7519	271554.7056	192921.1451	151986.8342	172272.7856	170175.6132	253022.519	226747.4961	285549.6642	202871.3357
139537.6311	255088.2176	196053.7974	153801.4851	173162.502	177568.5417	238376.9622	265479.7209	277745.2674	157616.6543
141361.5579	238013.7298	179282.6109	156015.7751	188513.7503	159566.9801	237887.098	255282.5605	275343.3097	198249.0965
167552.5684	244563.387	182322.3526	158913.7515	171636.4791	156832.0882	248353.4907	214670.1518	283756.693	237344.5027
144327.2117	246647.2592	172749.4617	145629.0103	178049.3379	154351.0239	227607.1912	224004.569	270670.3478	196051.0484
117958.339	260925.822	190064.9111	152306.3928	175893.4427	165019.7258	203379.3705	249700.6006	275077.0424	199159.7758
145890.1338	249458.7149	187220.1082	141332.3192	183142.7472	181177.0702	289346.717	252079.5704	265985.7481	195731.378
142301.2017	233827.7272	200094.2091	127523.3887	183183.3374	143120.0558	262921.1938	253996.592	274411.827	210396.6538
134456.8	232522.8584	189084.6396	142966.5471	179794.7985	171482.2617	260060.9633	199846.3312	239543.777	187101.6096
152050.28	252064.6236	181849.0414	156742.3474	165814.9593	180719.8486	245466.0637	255366.6608	263490.223	191750.7714
144582.3655	232723.1352	173114.0558	152376.6466	182126.5584	182716.89	276189.4842	253205.687	240506.7638	173347.3485
150044.9336	239257.5324	177346.6675	152231.1472	174901.4272	185256.9506	262973.1979	252319.0409	270759.7994	146839.7302
133280.8446	256667.5953	174971.3141	150304.9055	177744.3299	181590.4951	252958.4172	285673.1002	261448.6306	184024.4779
124484.7128	235825.2329	165018.0281	151559.8211	172489.0715	173903.3508	225097.9977	193222.8213	255866.1001	194787.3732
136598.8945	277054.6857	177486.2839	152158.5963	185814.6101	167961.3223	293193.1878	255141.8823	258053.2367	190945.8199
140317.1409	264406.1251	184480.3058	141826.3883	173342.2747	168039.1591	242059.8272	254257.4857	276478.1441	172434.9022
153107.3533	226409.7316	186877.6029	148523.4321	165942.6579	167476.2182	240411.1114	250850.2466	265042.9174	190003.3252
171235.1873	241754.6121	188797.0174	163032.5293	184263.9333	174163.0521	251321.1836	235041.0179	283212.7286	196062.0938
139099.7762	252261.98	185101.1193	155402.9579	187837.6648	168717.1863	246797.4535	216624.8903	240417.2963	207702.4307
153340.7666	248587.5935	184365.1667	120086.9656	188003.6063	170046.9588	277332.8825	221260.542	261620.7479	164868.7764
172971.5235	261978.3483	183389.8849	150369.9851	164315.1281	174843.3959	253889.0672	235632.6889	282709.5397	160854.1734
143363.3809	250514.7973	185621.2688	172177.1744	178323.522	174643.4162	257726.0332	250015.0784	286914.8783	145509.6902
155801.9145	241818.4837	186900.5933	151221.5156	184385.3894	165436.6042	253107.6016	247841.5837	271007.5828	182661.8489
145202.6953	258163.9654	173700.3595	160150.3841	172466.3598	179107.6785	251446.0398	276010.4813	242131.422	194279.5636
133542.9184	255764.9316	182463.2502	147344.7003	179793.9454	161178.7995	286632.3227	254503.4319	255902.0551	191846.5143
132292.7338	261838.0308	188566.1763	148170.5702	175439.1919	163599.4217	251403.6144	242404.8569	233598.4566	198174.6211
147518.8174	247341.6447	186706.1307	150023.3771	174586.6515	164595.0409	269063.0686	255502.4026	267468.851	185929.1505
116514.61	248209.0876	187674.7487	170804.7047	178953.8955	155340.5799	294614.4692	192066.0714	251795.3026	187130.8851
124118.6268	246170.2845	182239.879	153505.7327	169217.5517	183678.7823	259335.7755	260213.3005	259801.8292	164009.2772
133612.805	229642.0285	182553.6264	144169.6745	165718.078	184402.2417	233015.9584	262375.4061	267175.9285	187636.7228
141034.1981	273700.7922	175171.1089	155467.449	169805.7839	152385.6986	264104.8482	257390.4216	255816.3338	180296.4343
119936.4678	235002.6883	190141.2906	126087.8657	172664.6303	154985.6247	272367.7661	278668.7904	293364.8658	227066.2346
130929.6848	259363.8157	179136.5332	150050.1081	186296.5334	158053.5955	246191.5026	257993.0544	253934.3851	193748.8003
134209.5134	260920.4757	192977.8648	155614.4658	187629.7132	135601.1167	281310.9551	259824.9653	266179.6023	250450.1066
134035.4906	243198.3994	193238.1516	147717.0491	187785.2459	181556.9495	221746.0286	242506.7445	277991.9555	165350.9859
126056.8259	243273.9431	186050.466	124974.4364	170456.4457	172711.3035	258422.5219	243915.7951	255245.9697	190537.9479
170243.4203	274147.8993	198288.017	129336.62	181847.8898	162181.2695	279908.8292	202538.6943	280572.1822	183365.8457
117670.2398	240080.462	181117.0838	133684.0451	183781.1457	171270.5541	237386.8882	249276.484	272392.3595	183415.0412
154671.3837	241736.3593	186805.4631	147632.2899	172169.8094	179519.169	243494.7336	253440.9407	278378.177	147341.2105
141635.4324	236523.7264	181785.947	143804.4559	170201.8031	181215.273	306074.3802	259913.0461	230814.6305	177613.2368
146820.0623	237640.5332	182471.0576	140158.7332	181989.1431	144951.0596	269200.1034	217698.2664	250465.2064	196590.3381
128967.3913	249909.8482	179108.4823	131436.3513	174749.6383	165567.8552	248160.6379	276054.6736	288272.6218	180794.178
163308.2343	244876.0384	184308.9075	126283.109	181263.0393	147132.8548	243999.3208	239081.1207	235939.6863	203633.645
105625.1248	238573.2356	188172.9872	136359.0685	171948.5424	160404.2789	229775.1547	241909.7666	294313.376	218566.5304
145624.2912	231937.5003	185195.8878	144139.2549	169531.6064	156258.6062	206257.5118	244230.1608	232003.4493	195825.6669
138139.1474	253429.3545	187018.2482	150859.1632	168265.3791	148426.8971	238518.1572	260637.2596	254957.658	162824.9201
169111.6765	254242.3864	195996.3933	126631.1819	166040.4125	170767.3912	218602.8569	234049.7182	265729.4009	177861.6379
175628.7091	238780.2017	191332.3811	134436.5723	173724.2131	156329.486	269730.8748	244287.5932	257201.0394	184382.9567
106945.2969	274410.9618	199449.2786	142864.8247	166347.435	183382.0969	275154.35	206864.6825	299686.5368	190078.8287
136158.0128	248512.3901	187915.7359	151075.6411	166326.252	196625.3431	266563.6804	240818.8203	271878.5586	228185.0429
167492.7933	243932.2771	175000.935	147469.0413	164196.0216	169822.4851	264214.4446	234611.0707	242476.5321	203237.8262
150391.4726	276878.2626	191613.634	167967.5429	167485.076	163791.0688	241167.2209	224720.8255	289163.4875	169313.1536
129007.5789	252922.1704	184603.4415	144223.3365	172443.2387	166845.9473	272405.8757	262375.1428	241240.1486	192549.8729
159310.581	254184.6561	184550.6037	134276.4258	176920.7217	192074.8048	214614.1117	268619.0848	267160.552	189969.858
153200.8587	251451.6446	187651.4357	154792.974	186455.2757	170694.7752	257993.9279	246909.2601	271899.3189	170447.4128
151988.7229	248771.629	182738.1584	146748.3912	167158.7022	173694.7245	243778.0369	243897.3684	276968.1226	196877.0606
144965.8902	255507.4541	180204.377	153530.8928	174621.9634	176198.9172	293459.335	230421.2542	265166.615	206975.097
137105.5144	270464.09	184189.7354	166883.7919	174861.833	167161.5507	279664.425	250335.911	301225.3542	182677.8298
131592.1824	262936.223	187331.7091	154354.6166	184889.5302	178090.151	227034.372	280419.6102	245909.4887	188713.0055
182771.4286	265315.3846	195106.2744	174120.9987	177737.418	156730.3665	212006.5388	272842.0619	279207.5047	218453.935
163668.8201	238663.4732	180798.0072	154859.7713	169114.1814	165529.2615	275024.7028	273103.7556	255576.7175	179546.2744
173530.4966	244874.1475	201609.633	134148.9532	181788.071	154204.1052	226302.5781	245521.2156	243707.7707	187795.9904
165437.7517	233898.6294	177325.4162	148815.3039	169664.359	178663.1418	238037.0227	246702.367	277040.8897	191670.6515
160323.7801	241657.2749	186806.9942	158402.7098	181161.7727	154111.9223	270040.9493	259798.1709	244160.9638	176229.0506
157225.2837	248088.1238	176408.8723	135605.4357	177396.3868	168850.887	281521.5215	236012.3935	256785.3475	194913.7734
112219.393	256711.4785	181773.4979	159550.0169	173500.9268	178898.6821	265586.178	236849.0281	239433.4307	197439.5461
143156.8709	251427.858	185463.0078	134802.0616	164291.3061	196532.2134	270665.1721	236628.2051	250257.6168	162073.4586
166277.5828	240252.5794	181488.9011	152926.7718	167597.4326	173865.1914	229296.7544	288182.7809	250090.3438	224008.2001
156488.8126	247349.7539	193735.5166	117788.9136	174631.4214	174790.7488	273608.0409	255111.2473	275919.0414	194016.9168
138296.6607	248936.8882	184091.2993	136451.8606	177978.5473	166690.9367	256924.9532	248930.2303	231994.3592	186842.0252
142270.7052	252682.7619	197723.0048	166347.8974	172246.3373	161475.5906	283131.5253	249807.4465	252668.9884	193418.7932
145752.3641	254151.3864	188145.8212	149576.9715	186816.5799	154286.1698	262700.0791	239670.6664	249945.8518	185239.1853
123311.2492	240090.8987	174499.4254	156198.1306	188034.0815	158089.1577	262296.1667	230332.3395	262893.4949	214655.1443
128396.0144	258322.3311	171405.0964	154917.2514	187088.3846	188272.0836	256002.5271	238896.4196	281428.1405	202466.0519
136933.4899	249353.8087	184654.9947	127467.0718	164399.1523	182459.8035	253308.8011	214638.9998	273809.8806	198085.3299
150480.0702	254411.0413	188954.5038	134108.7741	187750.0486	175281.9881	280122.5706	265285.7008	252738.7522	219793.2077
153766.3712	246672.7697	185808.7989	125367.2915	173190.9054	165024.4705	245845.7948	252170.7355	259875.887	193214.3213
146175.5869	254750.9977	186750.1233	140676.1463	166890.8133	149406.617	199699.5194	231205.2538	285053.3671	191853.6861
130562.1165	237717.7839	186556.5728	148740.9385	182668.6308	154835.1169	199707.9947	249694.3809	272881.7223	154512.6556
151896.1404	254050.739	177508.6405	156493.6564	184514.8053	177580.2896	257276.6679	268661.2863	283967.8441	184980.4741
141469.9482	262335.0405	184871.2681	131238.7007	187573.263	186167.1262	239332.5554	258570.932	246810.6679	178079.8376
120345.8623	284927.0837	190758.4944	153142.7021	176911.6407	164470.9475	310792.3825	277791.3295	270570.7204	218442.7113
129641.7377	266704.7328	187572.1186	153796.1524	164604.9133	160620.1583	272309.4183	220144.2504	276405.2912	228183.1126
143842.2293	255142.2385	189686.5141	151961.9961	186684.4558	161985.7637	264194.93	251226.1337	217266.7185	192203.2928
123173.012	244099.474	186109.8946	135004.4114	168284.0836	178279.6053	266213.3781	237617.8859	242996.3896	207612.1771
161445.8644	260705.835	185404.0399	130845.412	176338.1532	166756.7863	244911.4124	241395.665	259723.2337	169538.2909
121074.8955	275379.7097	187519.8643	135143.4577	168663.9894	163559.2333	309756.8393	267188.6054	244493.6865	192837.0769
121808.4577	272935.4778	167680.5837	153647.0142	181606.1512	162292.118	206941.3516	215271.2254	281421.5374	167776.6942
138529.9793	267304.4814	194783.9739	162107.5296	185054.7475	162872.168	236048.808	253345.5401	197087.3346	168141.8658
151757.6737	263052.071	186454.0745	157786.7999	187762.7182	152021.8177	246351.8037	248499.9844	276821.1895	230506.4373
155694.3645	236980.8964	179255.3678	149747.5007	186297.0504	160583.3788	260683.2106	229606.3934	260738.1402	178924.929
172480.7558	238711.8716	190097.2541	147011.1945	169984.7304	170363.7904	302407.5639	228304.225	288218.2252	220473.5935
153366.0757	251879.3527	176509.1656	171586.7035	176267.0165	171930.1098	224895.5195	260025.147	252251.3372	200161.0661
132776.8312	261197.4814	185958.6873	164201.4791	178074.9955	169320.7375	286782.111	239022.801	255795.9056	208088.2337
138618.9144	245167.3056	180692.0748	160514.1864	168127.6839	161457.4924	277941.8734	264077.2812	262599.2405	185433.0605
154976.0323	246054.5055	190448.0134	152253.9825	186171.5547	147984.6005	268768.9063	272084.8643	272119.9421	179643.5331
110397.3871	264294.2388	190091.9545	148512.0867	187042.0569	172757.4363	245827.0882	242667.5286	241815.3172	212640.4291
157491.5505	256453.0273	187529.4243	165890.6248	188605.5624	158045.5862	271807.7149	257575.6165	272302.4788	221900.6528
155717.0542	242834.1363	179835.6567	144633.1275	176073.6743	164762.9736	249424.9675	230703.3316	300934.1996	211434.627
128183.4563	258907.484	184945.4396	138229.9443	167210.6368	174254.3915	246433.2378	248760.4315	257707.3193	201642.9071
132415.2793	237059.7444	201904.2961	141048.8627	175450.6997	134910.8087	243862.0482	278287.7001	266363.3774	178115.8953
136010.7826	243453.6282	171370.2818	168023.8939	183653.2816	168493.7902	273696.8774	217784.2324	255054.7435	192402.9484
171827.7781	228390.7784	185078.3524	155612.1836	173854.9364	171932.3951	227451.6153	287838.9115	267566.7804	180757.364
113829.4595	266714.3193	197680.957	144494.3811	175952.1496	168029.9013	243807.3847	244290.7354	268162.2715	205789.7513
137747.9494	237133.3066	180331.5965	133007.6447	165974.9646	179140.6712	270529.3745	223798.0224	264461.5186	193685.0973
120414.4287	259705.229	165526.8273	136887.8716	171173.7959	167289.4127	318954.4243	241634.1358	291381.263	195696.2422
132770.6584	248479.3155	187271.4843	135200.8598	172146.3401	165898.0526	225906.6664	275863.3118	281818.7687	203246.6139
123016.696	234300.9657	177697.8514	145940.1104	172261.0297	187940.5469	273058.0948	251004.8508	231045.4562	201935.2792
135698.151	246458.7299	184638.06	139617.8792	188869.8427	181705.6318	240330.6055	223314.9713	277203.18	191772.1453
151288.2327	252136.0038	186363.9924	135114.4627	168810.1345	156875.7695	335719.9418	270417.5294	258048.9665	187831.2196
150795.886	244062.6598	196505.2283	141488.2345	176852.8865	168481.523	289968.5827	263241.6532	209274.227	181938.6003
152050.0385	247138.9322	174044.8423	140858.9873	176856.9046	147782.8056	291662.1433	291031.556	241390.508	192169.3951
148665.3209	251583.31	186431.7393	147025.2891	180965.8545	154596.5098	233661.5189	261801.3108	238361.98	208974.0815
155592.2247	257369.4673	196461.9163	124816.1037	164802.3801	165182.9392	287082.1595	244099.1261	258854.2044	186584.8863
148622.5249	269040.4304	187127.6907	167897.5169	173578.3561	168107.2209	261112.1144	229331.4743	281493.9664	224044.0787
149021.9569	269525.2551	189200.7261	140132.4819	177617.8492	151873.2909	247838.1379	274928.7049	249894.8678	177398.0709
155550.9312	265623.182	192805.2201	161980.3355	164242.3322	164374.0299	232954.3588	251783.9415	266311.7435	190146.0522
153132.8574	232654.0116	195188.9095	150369.2694	186089.0338	152389.1557	255990.101	221648.7519	282676.2781	216335.9758
153635.4018	256053.6192	188333.1939	132714.7844	165250.8771	173555.8545	237323.1651	241080.6109	242545.0968	175357.5746
129063.6927	238922.2664	200946.329	141364.0903	184136.6415	187982.0289	272660.8455	216602.0613	260777.3776	193234.3903
132674.922	269522.7291	187738.8122	156102.678	165418.6343	169913.1448	280810.1603	241037.3557	265945.2498	195489.88
127280.1713	235956.6256	181314.5472	135828.7522	178900.9284	167021.1737	252701.4017	265853.6594	241080.5281	194205.9396
167620.64	230004.7256	183705.2381	151924.5766	179244.3611	168638.5521	280349.6809	251172.8739	241213.5868	145922.5737
158460.8849	246979.0462	180004.4804	135034.1121	184454.5139	178188.9191	254111.3375	273725.8755	267251.2883	161135.9409
136494.7615	235148.7606	206470.9303	135553.2749	170991.4472	164869.2108	211892.9805	254587.8782	277824.4485	204949.9479
135636.7078	239411.4601	182593.2511	146185.107	166851.3774	174979.905	292686.7896	261593.5121	274518.8121	151289.5889
156571.651	257861.2743	188269.5536	146969.0303	175516.293	170815.3235	240993.1108	254805.6879	264222.9724	179619.1712
161174.2803	226366.5974	176908.6714	151627.7177	181466.8309	169599.8554	281085.8245	264147.4478	230914.2656	206755.9789
159749.3101	252895.5448	182793.5673	142408.1689	185696.2904	186330.4172	243828.4325	242622.0859	272872.742	179245.782
126733.8702	239118.842	193191.0049	141670.0235	177401.1846	153888.1396	236816.2035	249829.2799	270376.6089	199261.8713
168049.0139	225111.4564	183768.1937	149355.7459	179752.9061	174274.2842	272969.5868	261872.2065	274434.195	198036.333
159963.4008	249669.0844	192882.6128	166002.3413	166360.9025	149855.1124	306972.0411	243867.2003	252415.3257	143429.8251
147553.4072	249350.3433	176496.1075	135040.2817	179997.0299	141501.5469	296626.0363	247508.7812	276937.9575	195485.3836
160978.4701	249986.608	180570.8849	148033.9615	171425.0689	176842.399	200379.5332	233768.1025	249516.1682	204816.2113
175252.6589	248055.865	178158.0134	142109.5647	180305.2955	148742.7236	270076.049	214283.5712	232057.9927	195002.6118
131819.4962	249786.1738	185254.8239	149262.4291	170602.1784	181951.9262	239871.2857	260923.7156	275321.7766	179620.529
136038.7	240915.3578	163393.1849	136554.2297	183134.3397	174769.953	248558.5779	238212.5112	284763.6257	194531.084
104036.1915	253814.251	175205.4288	156139.0661	164268.4511	171753.1718	215126.13	247026.8625	267447.1683	213531.7729
152594.8543	259376.3896	177927.3226	132546.3329	171040.4496	185507.5392	221250.0887	230752.0376	261277.3375	176920.1026
169613.2943	252580.8068	174369.1081	139560.7348	175772.3537	194996.2026	249619.7196	243264.4084	299880.1474	159916.174
127580.0734	266877.3823	175385.4927	138262.8793	183997.97	197920.5406	282015.0475	221554.5626	259165.2938	204574.8827
143333.5993	236028.5239	182975.1445	157479.4826	170343.1556	177959.5544	241561.1002	240165.7981	242936.6655	173457.921
113489.5392	261259.8887	184003.4726	155543.2029	175105.8605	191834.8155	224372.7272	241970.9336	277363.0286	181689.8367
134929.5974	271908.8963	175158.7483	142517.689	173856.8818	172523.4554	287211.3603	247431.7064	266324.9607	190084.9926
136953.1095	245235.5739	193189.077	144283.824	179268.8515	184366.9351	258747.7661	255233.5476	262470.8654	207080.0309
131716.8189	250366.4992	179820.4527	146055.3945	174782.4054	172863.9827	229609.4387	265759.37	289408.7313	168931.5355
118359.0383	260435.825	180880.3544	154058.5088	167290.5294	182110.4943	268062.8012	275038.0115	294740.8934	215797.6497
138075.1771	275653.0661	191792.775	149704.3187	179158.749	180270.7275	272679.0418	236349.8516	248202.6997	213448.3737
163873.2893	271410.4112	200445.1393	151100.7639	188881.742	161420.7075	283078.4619	256264.0598	263032.7475	206199.6635
149967.7382	249825.2436	177052.7625	144966.8105	181391.6953	178692.1804	245843.8403	242577.0243	306058.5302	180258.3393
169747.6425	266691.6029	184407.5205	148958.3949	177089.9704	189684.8911	315371.3141	259559.3619	244020.2646	202130.9708
133461.3857	257736.9118	167703.9032	134292.3601	171750.6794	153149.9126	271763.3581	253947.1566	266411.8558	166259.3587
138613.6122	243764.3506	186425.1313	137527.9321	169032.0843	188469.4896	252824.8706	237278.9157	334501.2443	199343.7503
146880.9539	253817.4024	169594.2784	156883.4742	182280.9303	198295.5846	206242.8761	255293.7071	280560.2152	196892.8839
149866.459	253227.9709	172228.2186	168934.1088	177931.4808	180067.3127	267857.9584	225420.7339	265855.8577	188724.4412
168071.4713	246698.2342	182985.1809	156928.3323	183300.9034	167704.0617	280867.009	238358.4992	245897.3423	191306.3683
146566.6137	243730.4992	189168.7685	150697.4664	188966.8356	166199.4997	277126.197	244461.7233	244388.588	189444.3773
142500.2906	269017.4465	195027.8844	159672.8198	183750.9045	153232.4318	253116.2996	256860.9833	221756.2282	210035.6915
