Total observations: 478
Total time period:12
Unit for demand: cores*hours
=================================================================
118091.1941	179276.0894	185230.4906	131641.46	143414.6742	131456.2212	227999.6054	243447.8356	219612.7782	153399.8205	223016.5019	166349.0726
102707.3681	226906.8893	211590.5585	103948.0435	163094.0172	177898.9604	263451.4852	213059.9474	215558.7934	200719.2056	227088.622	158976.0187
106341.7043	212256.9888	198430.496	106742.1772	173064.8396	169293.8332	264070.797	197885.0969	196117.6979	186019.0287	202572.4428	146161.0364
114898.691	225991.7372	191737.2385	127599.3037	193689.409	180989.9685	222154.1484	203302.3442	232194.6346	224785.4896	200582.0433	139749.3101
125250.0901	234464.4294	196652.7946	104102.6466	172326.7722	168480.5157	208797.1108	200418.2596	209178.7145	238721.9594	215450.2519	152899.2166
125727.2856	169329.6265	150774.905	94284.98784	180350.0944	179859.0507	204753.3912	224944.7674	239133.5313	178635.4453	201039.4503	160254.2718
100798.2021	219138.2866	202260.2709	124187.0543	175851.4753	159827.6814	235968.129	209113.7654	199118.6955	202550.0467	213729.9044	126589.4849
134032.3551	218765.5162	179436.5479	120987.6577	150166.811	137447.1468	252379.7392	192067.2885	194117.0399	202333.7725	186761.7482	151055.6087
126040.4246	195993.6951	194014.8024	119438.5936	176299.3513	166059.6068	220723.7713	177845.0094	211021.2462	185731.9275	206956.6116	156143.6363
80957.69406	204197.6937	171363.05	114924.4208	162307.8149	193401.3278	214321.4674	211131.0421	252685.2221	190789.7144	203334.1779	169045.9464
126319.3047	207218.9515	193019.6063	124874.6047	168973.9707	190369.6259	235836.3031	213707.6438	188750.0745	181273.2276	174461.3577	117738.0501
106154.5949	216861.7139	184628.8024	106920.3512	166392.1293	168785.42	216532.3993	261012.3575	223307.4692	185338.836	201964.3947	176543.7871
99281.61057	232678.0785	168940.111	122733.766	153912.8247	151410.9458	259296.6087	211427.4369	217705.602	190274.8537	201862.5084	159614.3213
129411.1881	196405.1674	220033.4207	98127.92273	180152.7497	171383.3284	226042.3269	199202.4078	199619.6152	174409.0395	194627.873	148436.0313
97181.34118	183053.3451	174612.3991	117311.7114	160533.3457	172544.9293	225566.9354	197252.6028	217911.6195	212004.2726	208473.4516	170018.0861
150344.1915	176686.1994	175992.783	124061.264	177952.0027	174868.4527	205015.4636	175305.3751	203129.6163	196093.2592	203751.405	155757.8147
91879.74946	197551.0466	183664.4322	95981.45985	170741.6034	168827.6873	221972.8234	178832.8553	179235.3009	213752.4886	192755.9886	128173.5627
99596.8274	232091.5321	205635.074	100687.3311	176421.9799	193900.9326	199701.0099	229360.7219	204954.165	188709.2786	182424.5203	135408.1952
139504.9786	215648.5027	219495.0028	86631.55487	187997.2722	167677.0256	236463.5452	203827.2742	198704.2365	171360.1584	206085.7401	116416.5527
125779.1752	190570.1665	208473.1003	91038.35671	172513.9632	196541.7878	217437.4506	194817.9553	241565.3591	210982.5689	173556.3368	144089.0507
99723.06915	200562.1487	173025.3126	111307.3079	175002.3913	139895.0443	215168.597	217674.4933	222958.0477	231129.5615	224908.5616	115131.7075
107113.09	183304.182	205056.0549	135430.5182	139828.7822	152898.3608	169727.507	223577.9625	181044.4161	178521.8585	183832.8626	132876.4323
79597.77347	182528.0834	191685.4779	115783.7312	172424.381	148972.4853	198838.9913	214999.0363	243141.0164	185855.6545	183496.4284	133591.1325
90328.68435	197947.2136	170078.175	115132.1113	152360.663	199317.8707	244268.8976	235516.5805	201964.5104	201493.4029	216091.7807	147338.6587
99952.61596	184950.4345	213741.1218	118231.0267	167620.4381	188691.0593	195979.1121	200599.5269	187226.7947	234070.6064	194524.2716	138788.1471
140467.528	219720.9064	190780.9603	130912.7124	175397.8822	185380.6067	246383.7784	197664.7654	223844.4163	204024.5983	198551.864	121019.5937
125257.5488	191646.3495	182871.5249	90344.11202	171447.1714	170127.3624	188881.3234	185577.6825	196757.7182	199028.5824	213863.6042	173129.005
143604.5662	187538.2544	139589.18	102223.3376	163872.2949	171429.4038	249125.2102	195354.9681	198737.4809	226677.0353	216824.7113	152116.9993
107681.2831	199082.2448	197677.7904	106939.2429	195269.6182	165177.2465	206552.2586	213045.395	182297.486	177021.4149	220564.9099	142791.0622
99418.20073	216589.2952	143510.4679	113262.0216	204567.4494	183786.4306	220538.3443	220579.8134	236034.3238	195321.8921	188520.1871	142392.8906
98276.41873	153555.6694	204400.7764	102559.3128	172322.4906	163987.0159	232336.8469	211518.4699	236304.765	209449.1349	223897.9927	147656.326
111139.7872	192257.0585	193914.6764	93709.98812	184479.9214	182882.2219	272093.4856	235220.6245	234825.5161	227650.3612	207601.0275	125227.997
81931.14207	211974.4353	210336.9614	107042.6658	178000.7298	201111.2799	207705.5839	235040.5027	219349.2609	183928.6546	181727.1579	125748.6479
130399.4922	184186.6977	193606.3211	85424.89062	169274.9115	154552.1007	210517.3918	205222.3839	249972.6762	201011.1352	195481.5235	183648.0501
104312.5076	193158.4579	190481.4961	113039.028	148557.8973	166851.4175	208135.9701	196364.7289	238256.4979	211867.2136	218632.2257	127170.0223
136536.8909	204128.6155	202131.4873	105054.0533	137380.4414	165062.3436	213734.3068	249829.4769	248257.1466	210714.3674	198318.6431	141940.8002
99542.44854	195456.2805	184412.3856	125155.6781	210522.9898	189703.1488	237307.5959	238395.4382	189190.1751	168863.5712	200617.664	121247.402
118075.1618	192910.1456	208558.2179	105894.2761	151270.567	171010.591	198790.9577	232731.6243	213965.2486	192236.4594	209658.5055	96354.69612
82102.8663	167109.4865	184395.6763	101879.3837	156986.4523	213833.7483	198523.4232	236025.2967	209734.6596	203949.7393	184954.6503	144739.5375
86980.36304	210694.3563	137229.0973	124297.183	161204.3341	209763.198	239432.8865	175866.8781	202345.3514	232618.1996	169538.0786	124725.8763
103443.4014	210099.258	199944.607	125517.4853	149147.6494	155556.101	177112.0935	187633.9956	267995.8005	221472.2801	186917.9803	129579.5251
87432.84827	195721.8763	166436.7983	109760.638	176810.6078	158020.196	216357.0164	207296.2314	211858.6381	184162.3172	191258.5075	143113.9888
123632.7311	218659.2157	188555.9138	84573.63043	154397.7877	130422.279	221597.8417	223435.2083	239966.7504	192683.7911	206742.0183	126473.0362
134718.6761	195988.5251	151489.5848	113821.1792	168928.4434	176940.1169	209789.4439	204949.4671	211160.8357	181062.8069	236476.2946	153939.4415
100661.9751	189011.57	194288.997	112027.7281	172302.6755	181252.2732	226481.9455	197924.3776	214614.7847	206668.6099	185555.3095	151015.9543
128878.9038	204077.1874	176948.2349	101333.8233	156183.6307	160334.3823	250001.5409	200379.5236	216048.3497	212539.8164	188555.0161	157093.5764
107483.0791	154116.4254	196206.2205	111402.2123	202477.0474	185454.3797	210663.4166	228016.0337	251234.4962	186906.4204	206499.1389	131057.3039
124821.3886	199613.9488	169324.4666	104623.5461	175357.02	201614.2434	252392.1296	230839.2798	207874.9803	211727.1662	185481.8419	153937.5167
108860.514	231011.1967	174016.1006	112814.0388	190008.9651	176908.7952	224644.4453	217417.8675	222079.2006	201962.6097	196244.1234	123149.0528
136366.1138	176626.3636	182749.9994	125235.2491	168126.2252	175685.702	210767.7483	231613.1089	237686.3634	191508.5251	190477.0037	110304.7703
111860.1581	211380.0667	215236.4082	112186.5962	214347.118	196820.637	186702.2567	220181.5828	208522.6059	196633.3811	213300.8915	131605.3928
93666.57403	201422.9293	204144.4541	106776.5465	188801.8969	185382.345	201345.4188	240007.7411	241448.8544	191302.9472	176846.1985	122269.0051
82832.03376	167978.6732	163582.7123	104972.1503	194695.0401	162413.5751	214292.8828	223058.0878	219279.6423	185351.4658	209553.6727	153737.6282
96984.62121	223765.7212	164470.7003	98031.62851	166283.6745	158174.455	245528.2108	191253.4572	235487.0222	192906.3548	210359.2249	152649.5889
88170.71414	228942.1798	194773.5717	111924.5184	159987.1904	166728.1252	179369.4618	239964.3451	185999.6203	187836.3932	209700.8192	148807.0158
77694.23021	199361.9445	192133.4361	125325.7215	163963.1307	181896.7164	245601.6526	207200.5397	212285.7024	230438.9499	192350.9883	177578.3109
122252.8035	187042.6922	187135.5015	106917.1453	167328.0791	138561.451	210698.8276	197080.4101	224181.199	209573.078	205213.2763	142563.0705
108611.408	197517.4421	212350.6533	103638.3968	185337.5516	152208.7379	194696.4678	230560.4762	248155.9286	174926.4327	212139.765	159906.4209
86238.6158	225698.1463	170941.2699	129698.0353	187502.6275	176692.7976	201673.2921	248549.0541	215610.4432	189813.1757	215237.092	152032.6711
107045.3219	198527.3135	166643.4814	76863.00467	167358.9754	204183.7608	210890.66	220980.2232	172691.9299	191791.5005	211605.7505	164825.1024
119634.5124	151051.9023	150868.7171	126253.6311	159741.9984	171715.3074	229641.2301	242206.2191	246309.7363	198556.2529	196561.9533	151867.826
122482.3379	185051.5189	176484.8303	132723.8711	211612.7385	182213.3303	186538.0628	251844.7543	236362.5982	232551.0201	169155.5675	113870.4336
119590.0447	208241.2864	183013.7719	115382.4243	167867.7501	175833.0844	240440.3937	230209.9624	232971.9352	218313.0451	192775.5748	132650.5045
76900.99757	191239.2783	147188.0421	130368.8156	156877.6858	180358.3826	221160.2525	226005.0644	202709.2678	198449.8384	188364.5033	148019.8013
113838.7296	229617.0902	168238.4257	105584.1802	164518.9162	126137.3577	197612.0981	199168.0075	170388.0899	189263.0469	191054.8155	142300.1278
119412.9719	218929.6107	177276.6061	109784.496	157917.8135	138152.9242	250789.7179	212350.7026	185926.7772	227418.0803	178279.8303	120082.905
105645.3565	190839.4464	218804.3522	89286.60008	144206.8706	143108.7832	208133.7918	205807.7215	239478.2646	226327.916	192546.4062	149367.2023
110307.2991	191294.9508	173629.1062	106706.504	169546.2687	183249.1685	235055.8643	209162.9995	203365.5399	229531.7024	203931.6876	142418.8932
82764.51921	187805.2823	161012.2372	122383.5677	141904.7543	178004.4889	222034.5962	188925.1311	225827.4882	201724.3967	192984.5009	153040.878
61612.16542	194393.6405	152488.8198	139941.2532	175261.817	115909.5456	221418.7907	233305.6722	206980.4475	210754.6716	206290.2797	146040.8752
104012.7185	207456.1328	145459.5907	114870.6522	151541.2598	156210.152	212596.9187	205299.4113	194847.8245	206205.6885	187015.5158	139852.2459
114707.1371	178585.4834	192452.6462	87268.81843	158384.4058	186382.4215	215560.0974	233077.2945	190327.707	179971.9945	223049.2062	124876.0189
93704.73129	226060.4664	142594.2192	95236.30172	161190.6362	143158.5582	247422.5099	198958.5848	223027.3698	177101.3192	176244.9542	144361.4956
129705.4672	194583.3617	186296.3172	107113.3036	147752.3534	146668.5808	200802.714	225789.7431	217139.2756	215101.0358	193355.8603	185747.0737
119654.2857	229504.707	186470.3043	115671.2396	175188.167	185611.9819	233005.2531	251931.3408	232857.1384	181261.8651	198896.7383	125166.0022
102559.8837	216001.4904	168164.1807	113965.2485	192156.3469	149153.1705	220146.3908	230175.5713	223317.6571	172576.836	173014.1494	166703.4813
132253.9101	188517.805	176880.2323	135177.5498	145201.8703	153031.9805	209207.6397	191508.6164	238963.1624	169345.7686	197515.7656	123148.5478
79055.79189	157359.1594	181501.0818	100307.8317	167877.796	159232.2722	208199.1464	248618.1632	171129.6343	198334.7047	199985.3739	140847.1441
141029.7061	243759.1045	208467.7541	129221.9202	187312.4834	161087.5018	194345.4657	249886.7299	237965.7544	174675.1443	191812.6733	129417.6129
159825.5053	198073.5661	195246.7148	117976.1347	179602.5537	128473.9824	238381.6818	239044.9556	214883.1489	187857.3064	201526.1717	113709.0892
133758.7451	176366.7367	219932.699	106094.0214	182888.0677	166318.5396	281826.8755	213910.935	206077.8519	216659.6484	184970.0421	148501.7261
80154.82266	199483.2189	190851.775	105806.9616	181404.6247	154400.482	259895.6618	205102.9491	204701.7228	178297.6479	200928.4651	176078.4236
96693.77306	199413.6224	170906.447	123392.7584	164366.9413	120698.7647	209579.0574	195465.5945	244653.4828	157481.7562	166785.965	123891.1424
110387.177	200323.0342	186110.8212	72761.79534	156416.885	167491.8064	219952.2376	199275.2454	239291.9471	227497.0001	197877.2383	155296.9377
150816.7146	168385.1752	172838.6131	115492.0585	173216.9744	158916.2474	191650.7266	217944.8412	200823.5186	204284.5794	203438.4247	98783.98288
124009.7438	195772.9991	147683.2455	94653.63698	184242.4044	165416.8082	224080.0847	227133.246	212101.8192	188551.8899	163517.0416	134150.6778
113781.7668	200080.8021	181594.4187	98369.45013	201471.6203	148120.2089	202960.9981	210303.2022	190462.3199	199579.8622	210689.7677	142826.9932
105722.3004	177318.4802	187188.8068	133937.1455	197614.4559	158239.582	220344.1405	230383.844	214683.305	177896.3658	226307.6495	154188.4948
146199.1744	201625.4577	180732.7342	122716.4456	160651.1921	192156.4903	218015.5742	193342.0295	177016.5829	173742.906	203653.2202	135949.0439
132558.442	179155.295	156939.4217	99671.57986	179153.5926	188284.1641	210657.4826	228100.9883	213783.3515	203970.548	184455.6102	112762.5334
105999.6819	186788.7879	181727.0605	79620.23445	191360.4849	160114.2153	201415.0265	237003.1162	217767.7064	194344.5342	184369.3282	102288.1243
97391.3538	226252.5402	179982.6328	113891.6218	198009.0154	177353.4639	230028.7462	239177.8467	208614.131	176194.7181	189381.4581	167264.312
84122.1735	206557.383	166715.2386	93350.06286	193508.6689	189787.2539	213025.9833	195671.2427	222675.513	205652.5112	212211.7325	136637.7449
125766.8856	221870.9486	183947.1516	131607.4972	162227.6963	170052.8411	195051.7217	213795.7931	202344.9174	234498.3546	175252.3263	153876.2167
115182.6371	168431.4452	218961.1137	126689.3552	168419.4493	164459.9852	246718.5571	204991.1541	213864.9024	193515.6845	179469.5369	125251.2386
144545.6512	181855.2205	142567.5338	84307.51645	168291.7574	169768.7259	220666.7498	186065.575	214181.6669	189860.1027	188697.1907	126608.4152
128726.2725	210336.3448	146896.5165	79388.1336	172062.4539	152017.8908	260094.3321	188620.0064	233456.538	184516.3553	201523.3393	126315.2347
102182.3556	224766.9153	189168.7792	122923.2412	172161.937	157151.5112	174754.034	195743.4344	206874.7468	165639.0741	185431.962	145442.7811
112137.8906	203835.0608	148060.5803	102716.1374	176287.805	154380.3063	205409.9788	209600.6206	201361.5726	217220.9567	199525.894	126520.5197
91730.04073	177082.6894	160823.0841	118181.8721	177145.3864	177628.1615	262679.4235	219972.3885	220474.143	185854.4558	224427.2387	102791.4937
128432.6465	169451.4393	207054.9451	96428.17854	172561.9378	155025.9655	237798.3902	216182.7752	241772.1488	195171.1851	198997.8914	166437.238
103984.7012	246451.2187	169275.538	116829.8736	176753.7859	149237.6254	270526.6456	190247.258	218225.9642	193210.6366	163186.8257	101754.5179
116142.1314	167683.7639	185040.6244	101990.319	173504.2919	143188.2276	224595.435	196655.2767	174322.267	182409.0921	179041.4934	130895.0489
102258.116	218885.3139	177189.4844	128643.4368	187927.4882	179292.6434	237147.6559	201174.4786	187478.2099	207286.5153	213017.0204	154876.7253
137140.6809	181540.9653	165080.9422	112429.6052	139885.4473	176835.3713	195991.8505	223170.5165	210510.4251	216543.9912	238079.0973	121252.1614
107621.2819	202672.0616	180265.1599	110415.3606	168468.3628	156687.887	220488.6353	193818.2837	224156.327	194797.1931	209307.8976	186764.1398
142261.1749	221666.1784	166021.1655	104870.0173	197841.4827	171082.1267	213234.7671	202487.1188	240126.588	206522.7355	189581.4624	153383.6175
100824.1605	201960.2891	182380.7945	144175.1907	173312.1366	148430.0594	247733.2268	231356.0085	247904.4526	223807.9722	230941.0887	143278.5142
110922.9662	201587.7019	206471.6022	114210.5418	161665.3412	170533.9185	238957.5764	215528.3662	176899.2837	226353.2076	186951.5321	131607.1692
68446.89484	193177.8893	188697.0637	123769.4757	203819.5085	177521.6622	190456.2707	215163.181	251629.441	202650.755	185163.7099	127687.6016
80075.23223	221202.2088	168120.4886	126681.4502	165354.6437	194227.8667	240600.3845	194217.4538	203916.7155	199416.5563	209026.6512	159189.1176
79696.82593	230933.2893	203880.9131	128865.419	176404.3828	167035.5506	191777.6281	196660.1106	177239.6135	179328.7553	204757.6184	117927.971
100667.2185	218344.923	196901.9279	124163.9939	169399.646	177964.7268	204557.9052	224384.7065	203504.5136	195759.945	209220.1046	160092.9196
118953.6384	244960.0166	163855.2424	91737.42764	169010.1767	173321.547	236421.1278	240003.9556	243167.4633	214745.3788	225497.5182	157226.1574
114928.3606	227397.614	180085.4637	131148.6684	175499.5369	142750.4744	237489.9692	195334.0288	246137.4987	216759.6281	199904.845	172114.8427
104472.9217	193190.9031	201821.8794	106705.7542	165612.9224	142679.0057	242353.7951	245776.8878	207080.1986	184203.8273	165375.4786	136338.5863
69161.67482	189886.4933	179227.5895	126386.2134	153270.5007	185710.8044	226611.1818	209009.6423	211741.7172	190561.9929	192804.063	138467.9814
79773.96603	178571.724	176070.0275	120704.1075	206420.5322	122688.6556	238172.0323	204235.49	228352.668	180079.0336	225957.5483	152900.3614
89465.4533	217905.4085	171101.4563	85165.81999	196364.258	176387.0682	233253.7334	232431.2523	255360.6505	241663.4717	233634.2824	166608.4175
114443.7726	182172.3877	190145.3608	99412.60734	197471.0896	152956.5364	238813.0323	235114.9995	218460.76	212932.7666	235019.6599	137798.3198
120408.8428	211376.4643	199120.8163	97372.26835	152319.2479	180058.9109	224515.458	229936.1709	202144.8702	187212.378	224168.2182	132226.8531
116380.2211	213708.8644	188377.0323	97556.72114	155843.8372	193877.3956	240760.25	231789.7416	176605.8465	191853.0981	207469.4774	127981.7106
99884.70566	196523.3004	215907.4069	106267.2531	185527.7917	159857.3845	219529.2229	235647.4657	191630.9361	197255.6096	210596.9146	123172.0311
120758.0518	195312.9862	154656.5765	133017.1901	171525.0045	222717.3034	215388.0886	211819.6186	196403.9167	182738.9828	188940.2188	123338.8181
98146.43402	180649.1781	169295.5549	107711.8314	170360.7011	221387.2365	223706.9709	216399.5725	191446.6588	203042.3843	183529.3344	145853.9166
77589.19624	206406.0688	179365.1642	99611.00058	158726.5266	169021.2201	198420.5082	208443.1839	220903.856	184206.0556	220379.8592	143963.9627
111145.0533	168445.5567	197138.6661	95598.16761	149305.3437	181765.62	226786.0355	222677.5817	221553.061	185984.1834	194263.6335	125990.9686
90029.74602	203545.3	182246.6423	119720.3306	191135.4872	153665.012	217376.4001	229025.0049	212375.4804	226615.898	203304.6543	134176.6068
132047.3269	211511.2891	166691.3727	99598.49601	146763.8239	173768.5098	217121.1339	193824.9457	234167.903	175319.798	190954.264	127462.1356
108147.3823	193957.0788	208405.1554	89869.78651	161520.869	178944.7747	184209.2456	167746.0617	200645.5366	203053.0847	180059.0334	154713.087
128976.6376	201355.5655	185138.4132	118672	160805.5349	178606.9315	218001.5995	239218.4632	244665.0691	194205.1314	200747.9287	153588.5014
102996.7531	190599.2867	148682.6609	113058.4548	173189.2401	154672.1844	206708.3744	178816.8167	183096.0044	203923.5872	181237.1003	135313.3849
125649.0983	199588.8833	190154.3247	96659.53077	156968.0202	199000.8066	225379.9675	196949.523	203773.4012	185020.8727	194267.5648	147590.9455
159251.6014	174703.0509	202905.9841	118716.9972	160708.9988	169118.0827	235291.0283	198319.152	182363.3906	203447.9209	198786.0893	149181.0486
113770.6006	226821.9277	161746.6454	126532.6505	164628.3888	146549.9961	247413.8469	208637.3101	232075.4846	207789.1918	221205.5511	148792.8516
132160.5126	209897.9619	188751.5947	109040.2749	190518.9765	166484.57	248027.894	210450.5228	203276.8906	178260.1397	189772.9999	146411.2155
116745.843	197112.8538	132227.9904	110848.0882	176310.159	189885.6486	201090.1678	197792.4507	243313.231	186112.0965	181759.8704	125147.3681
107117.5612	142745.013	189806.6914	93206.85733	156391.4183	195693.6497	233761.2603	233649.9157	206533.4008	210486.3148	183122.3032	137027.8089
92537.67869	192629.4498	181915.9759	114351.4166	181302.953	120570.4242	220851.8545	205828.5534	167932.6052	201128.9329	250472.9622	136194.3675
147470.1703	198716.8111	213675.8151	113251.1738	151804.1504	177734.6009	220907.9068	194257.7278	214219.8593	219521.3975	201645.9255	124118.1686
100309.2955	195648.3033	197670.4927	121952.8633	153500.9242	169329.6784	248051.7384	213142.0246	206609.0412	228656.5201	236703.5964	158252.8353
96379.30854	190648.7665	207680.1533	126692.4151	182657.0849	152850.8767	246657.8717	229809.152	232955.4736	212806.7399	209702.1151	143344.1376
136495.6102	184814.8526	196250.8585	107172.5946	147439.4083	152469.4635	237212.7166	207100.4293	218247.3006	170719.7068	207375.511	134495.8036
83357.70539	170936.9229	165546.5237	120969.5693	191904.0517	161044.2216	250558.0109	225448.7297	239498.9825	186864.1234	215883.8135	146075.9965
95671.59603	182405.2555	166097.411	97735.89187	182382.2156	146226.4527	216541.0536	233852.3645	199365.0577	204984.1937	180027.8088	115206.7575
100704.0623	170746.0817	159773.9002	139813.3932	149283.4843	121763.079	203838.324	201351.6674	182692.8703	233067.2224	217641.7841	141148.3008
125015.697	187686.3729	167091.7823	115144.5842	182704.7376	168522.238	220882.6611	231955.508	249462.876	188199.1929	199217.9484	159403.1975
137322.987	199661.4009	166883.9277	103804.2941	152493.2044	156536.7372	211883.3703	188595.103	200409.2654	244121.3283	196289.1322	163908.5555
111367.4461	237692.4182	168303.2895	107330.1973	179820.8815	174358.3265	249025.6444	207824.5501	202193.025	199797.8965	203940.9916	175531.9461
95984.46701	194405.5665	188310.512	122706.6092	133452.2714	155622.7239	228593.0671	229719.0517	212680.112	198358.0028	193739.1247	117596.0193
102074.9776	191045.7428	177288.7853	114840.5368	165335.9153	161522.4352	231463.4954	216206.6456	208890.2852	165609.7326	219875.2033	144799.5615
103330.7176	189631.2564	149896.4927	101086.8188	151515.8724	130817.9117	221268.9003	230259.2808	230124.5269	201184.8351	228513.5423	168402.3165
97572.50888	198999.4802	183402.7482	105967.9227	187740.5284	138988.332	243772.5728	232627.3705	195810.0555	236961.0679	217476.5141	139181.1829
134969.1848	152958.1183	160835.1585	129046.2819	183860.5529	155226.9098	207188.9759	205353.4366	222303.6027	208920.9281	189719.2036	106639.774
99631.45439	177750.5658	184214.7987	122356.0666	162018.6241	176234.4348	211098.8694	217463.1923	201096.6922	212435.7962	205955.3533	133441.5942
77781.64904	158972.1355	152562.2884	104086.6616	157482.4178	167882.2139	252065.1184	201828.3773	175347.3203	222375.723	180226.7215	160864.7264
116749.2672	202251.9292	180881.4436	107987.4896	155739.6462	191402.1513	232080.3387	171912.8199	205215.6038	208923.0907	180048.9553	162277.0837
125584.9676	200337.7611	186508.8176	166356.5104	192704.7619	175848.3714	239446.5588	234890.9387	236998.41	228340.0637	189460.0741	158419.0235
77353.20341	211448.9563	170091.6003	119620.4212	192010.3335	151297.2261	206553.4293	209245.8933	233260.8866	194799.1723	157420.491	124525.6996
146806.6488	178168.3604	183167.6604	99931.62753	158754.6637	175386.6753	212022.4636	202040.3754	185347.6767	181403.3527	199989.4892	148422.7908
108206.7896	184962.2247	205397.9789	118539.8399	182191.6096	161741.1072	238826.9927	219502.7846	239209.3082	194851.4237	180733.371	113467.3692
98290.76346	175472.1351	202084.7316	107374.1041	161540.1933	160874.9961	248639.0644	240842.0326	239382.0281	173840.9366	178755.4405	126628.3997
123277.8153	187883.2507	155033.4401	111528.4591	168835.115	188030.8332	249805.2672	199487.3887	193400.4335	196035.0873	210982.5888	166532.8455
96204.45771	228058.4038	177159.872	106676.4343	177389.9953	139895.0309	217056.7847	187410.2611	192211.0249	243137.9271	176094.8567	124270.6342
100020.5024	212157.445	146972.6946	129321.246	157745.7141	172474.0459	183835.5804	246668.262	208648.6207	185744.1751	181195.1944	142797.6375
126235.7563	188883.2545	201436.3363	108635.6007	141458.2182	157398.7467	241409.8749	207476.7869	227292.4378	191408.0172	189417.3233	148085.4296
109796.4552	199239.3624	222651.7427	139829.2032	139525.9585	189788.2926	222867.5314	211679.8314	230320.0769	195758.4332	205483.2595	140234.9006
100297.487	201059.135	177252.7218	107842.3357	176505.0457	157747.1446	220865.6546	201028.7138	206910.7965	204910.301	220963.4048	126725.8314
114763.7903	209502.9479	164077.6217	112190.7623	151221.5341	168632.9895	241141.752	241105.2019	211372.761	203747.4872	176914.3619	130011.9489
99906.33209	198029.6183	159074.2881	120631.012	146416.5106	142275.6582	205233.7824	246327.4839	197389.0116	183429.9909	198244.8649	136543.3749
123536.7535	220462.8177	190919.1091	121470.9498	189956.0661	183551.1557	212917.3555	219751.7033	200268.8631	198262.2327	221008.5274	137515.6575
125510.5793	231032.3348	184593.7068	123357.8741	171715.2882	168798.0411	241680.9501	235758.3556	229307.1882	221019.4677	231925.5332	129500.4039
120814.4444	206654.1788	180711.8846	79786.27752	174756.8229	197278.2732	228378.9977	231405.8914	201748.3117	214303.2952	181750.9006	170512.246
111037.6686	177126.1791	179193.096	125840.9784	165579.1774	213632.9535	201187.9577	229256.2275	211565.2956	184779.4913	204105.4487	136211.4359
122775.0157	210465.8639	185078.1831	135065.4172	182928.9519	166841.2967	234096.605	188236.9328	219508.4006	226328.6669	222428.8509	138192.2341
100515.4294	213607.7376	214706.4218	106789.0801	154775.4194	161696.2458	205275.0692	199364.997	217834.6345	209441.3332	160695.4176	151273.9333
132286.3349	258149.6948	156454.7763	107497.2768	180019.9943	149067.0043	238946.5778	187523.0965	217751.0278	178076.7623	181910.9956	162541.2763
77605.94513	182970.8277	192050.9308	110730.9588	166858.5367	123567.1156	205634.1825	206354.9886	222441.9275	232387.7304	202606.6549	150465.0142
110000.4022	189466.9271	179997.9033	98700.76625	159988.3487	139018.2744	239032.5317	221863.9263	215110.7341	213420.5717	167652.6199	108085.5319
127423.7809	180089.5871	179870.7006	121815.9268	210640.5691	160996.035	230025.5346	190027.2441	211207.7021	203307.57	203708.1762	150162.8918
99593.93715	179109.4158	184607.8089	106465.3148	177506.7338	179314.4576	230537.6647	227173.813	229896.5276	237201.6783	211872.2343	109253.1437
129751.4224	183027.3295	200448.1944	119839.1754	158313.2743	198197.8419	204434.5515	237988.4621	207606.937	189742.0362	217338.5365	129858.0324
126284.412	169090.0592	188714.1335	89912.5639	175179.9045	135752.8896	211608.6572	207319.2956	218001.6783	225279.0789	169132.757	133443.074
102767.6438	175043.2929	154104.5357	84991.37096	227932.7903	177925.4047	239101.9216	180184.9153	244757.7248	189134.1384	237418.8508	110266.2515
103615.302	208034.1917	215583.7342	99719.81626	144380.9592	165049.5319	219169.6787	223763.2194	209842.0609	175783.9945	180720.7749	165089.7482
112771.2699	213311.2805	178169.7988	120155.9996	157288.5896	146267.1136	219502.6705	247162.7925	247729.3544	191320.9397	209562.5851	113157.9783
141120.2093	204766.2413	214819.3774	125963.3372	164373.7576	159478.9022	225800.8018	221888.8613	208184.1374	155789.4792	190392.7211	183758.0158
115641.7902	197948.8817	185426.5293	111672.0906	175773.055	199085.9672	223301.6715	197923.154	217104.4377	209551.5113	223485.1709	136722.5006
95570.2377	190466.7743	208751.8447	115807.9	143655.5038	169059.2674	191005.8299	191351.7623	221482.1472	192777.4813	211271.3722	144821.0963
85026.85987	196694.2134	202286.2421	89508.91415	171271.5904	173382.1875	197191.0942	202360.9152	260746.9333	169376.929	175035.0893	136317.8736
94347.81206	194185.9897	190558.434	112053.7641	181213.293	156288.3953	226408.127	206781.0283	218840.4746	181591.3969	186463.3489	146612.5777
62909.75711	194330.2226	201228.3261	100641.7124	155582.2601	171553.134	214636.7296	204615.3537	209282.9518	179344.28	157519.3908	148708.9422
80811.24382	160272.9736	166015.7352	119363.5974	151488.6905	206193.8886	211635.8745	201648.2166	250292.701	220112.5411	219233.496	142828.3578
99465.59829	201757.8988	185236.2811	111608.6189	187416.2565	143312.4553	246221.6563	214591.4205	247867.477	196468.2955	204832.3653	143672.4211
115415.7514	214725.6916	137198.7986	90086.74315	188378.5872	185653.0838	219070.6339	205036.9701	197861.0725	212620.4306	205919.0082	118291.363
134238.955	182979.6628	179492.665	155130.6687	163605.5123	151900.333	190232.5874	221843.8407	199969.6985	199736.2089	227348.6137	141965.2302
100515.7914	206580.4002	178403.3484	103217.9503	191606.3725	163833.569	190136.8464	223101.7166	192119.8463	223155.8546	194930.6576	129099.8811
141898.4397	192703.142	187358.2476	126485.9176	148645.8264	166165.1963	230060.6823	231674.9285	191036.7465	175221.3125	229457.5927	148214.4993
119201.2509	198297.1969	156143.2711	88457.13481	155137.8177	181736.0781	221362.2092	217871.22	214890.9619	201622.9782	189946.0794	127934.4813
112786.7514	203292.0595	189120.6441	129595.3027	181195.4672	169217.5	237520.1908	218391.2065	241840.7422	194833.4712	199775.0586	137271.2986
118612.1717	235095.8348	165174.8404	121393.3006	173595.3954	162751.5595	216207.6089	229500.5959	228764.6857	221965.4185	202397.4831	157932.0447
86500.76455	172665.1852	189695.3236	115390.8513	137251.2955	166077.6221	213288.9897	190045.1298	196484.5021	212828.5982	168177.2961	125888.8981
117743.2462	202924.8884	172923.8206	115928.5599	165651.2805	179447.5715	224816.4492	221717.527	208045.5097	210561.1589	216753.6354	142419.8299
112926.1156	180960.8319	190905.605	113529.0434	173060.752	170142.6922	227659.3761	221802.1808	223719.205	217461.931	225360.5899	125493.4949
102534.353	192894.2229	166105.2629	114792.9469	155825.9437	184610.5051	196527.5451	196153.9094	277706.3747	202898.0337	214520.6132	176227.237
85603.76439	205754.5941	160297.2534	110784.6153	152805.7501	152984.0983	226804.8624	233847.2097	198214.5172	173800.277	226454.9699	150658.5867
119500.0807	196318.5871	154560.8973	96818.01712	179393.9501	143661.4605	209225.7579	228938.0325	214142.8657	198895.44	188585.3042	129062.6796
119516.0715	199093.6429	167535.4984	134494.4193	190683.537	139998.7269	223292.7663	249802.219	175355.4352	222005.6511	209550.2678	148326.6336
134615.2687	207771.2295	170505.8971	113005.4379	150523.4035	176345.7644	200659.9124	229977.9632	229673.9365	200080.5652	188658.9807	118045.529
113452.5168	193501.7225	185019.0174	148939.3173	158536.5131	153465.4775	212309.3922	221805.9704	199963.5316	194736.9489	191543.435	174669.2506
82520.27096	206541.496	185506.6525	104948.7428	148051.8017	150428.7065	209166.0185	209990.9896	275781.2748	197020.8558	209361.4047	145045.6313
104528.7308	211621.88	211344.4142	109885.5059	167063.044	164422.1192	249858.448	212852.0097	209821.0761	237026.8142	176396.3406	118691.8833
85424.78675	201269.0137	152063.672	117913.4747	165944.191	196528.8354	220211.2642	208517.1001	258881.9478	211650.7343	169110.2816	115926.2122
154278.2545	196780.7232	201426.1216	126526.5708	169548.9204	203198.4963	217540.3762	206333.5783	227021.2504	202208.5628	203479.9755	111009.9994
119366.4699	199157.9566	178737.9836	77599.57013	158721.0354	189333.0517	219934.5646	219839.8294	215662.9622	175655.4424	211843.7355	149872.9571
98052.63445	184789.123	179555.193	131566.6883	170461.6728	143896.1488	218059.6264	208597.2899	205929.1349	204199.4577	168757.1804	159400.1581
118859.8608	199637.9813	186992.9056	107830.1763	185080.6854	150834.6843	207055.9818	200887.7548	190971.3258	217035.926	195294.0513	147083.5813
89744.22	217372.7129	168135.2685	101477.5894	171500.5734	135672.1365	230865.9922	230280.291	239237.1082	166342.55	192132.5332	144287.9372
115529.5478	214754.5208	126251.845	143833.6804	163778.6486	195437.2544	214489.3633	200533.4834	219955.511	205810.0868	167695.1434	84571.9503
105600.1033	209795.4054	177771.618	105769.0042	175832.6187	171118.7972	207428.0945	185302.3331	167977.3459	202149.1869	187632.8515	134670.4677
146101.5968	197075.4303	185598.8032	108677.0636	165598.0278	153345.7235	220568.8712	182315.5016	205485.9185	208847.9021	190062.7582	123279.9022
106422.386	200651.9118	194814.0405	76625.93292	171314.5556	152580.3433	217489.8774	191629.5338	226870.1883	227581.7989	184141.2146	160427.1619
82253.7098	213526.6787	163378.0298	93849.94155	142984.0665	147498.9116	202887.596	213188.7353	184368.9764	182213.8758	202928.1266	140064.8851
123181.6441	226991.7418	172498.8521	130563.7083	147276.97	173212.0659	244067.2287	227700.3958	208521.8649	230099.8775	206938.9126	158387.2315
89524.43522	199006.9945	185479.9648	95513.30719	142878.3464	117017.1267	221360.1849	214464.3586	204301.1926	216055.7583	191959.2741	162598.8895
135706.1595	217532.4518	194057.149	110908.1804	175839.393	148478.9452	248546.5391	216565.2289	231969.5546	196635.2763	174619.3202	146889.3156
91921.13795	241132.5248	168536.568	124509.8095	173100.1169	178659.1554	173261.017	193965.6179	232166.5915	166128.6188	210617.1754	159678.0891
116642.2783	211287.3891	204860.7814	120090.2229	179993.1349	169649.4428	239997.9968	199502.2453	228461.3004	194388.2384	219136.6425	157524.5976
139416.9874	218881.2321	174599.9336	90387.34909	194589.5281	141927.8373	269962.362	248463.0785	218113.5977	232311.4267	208234.3747	141566.755
88265.99615	194767.1034	164069.3084	105023.0271	171238.155	136122.7141	249806.2841	214547.504	202093.2158	201076.2332	204893.1782	112345.5446
82691.37451	167772.4549	178201.3502	132979.6344	174475.1171	132691.6814	205726.323	221547.766	246507.2478	207696.819	182133.2631	127802.6093
110832.9894	172722.7438	169168.7319	131718.7314	173214.9221	167352.4981	219949.1012	200308.9165	166101.3837	225294.0602	207561.2334	132313.0506
70882.21412	213480.4133	163737.26	85381.13548	158496.1244	134856.8919	203508.6764	173010.8198	165741.4061	173776.2547	200810.0718	119318.0055
131168.7863	194220.3325	183336.0032	137234.0183	169680.7258	153647.3856	201289.1056	200869.5392	199801.3517	219535.5079	213654.8594	135785.6158
114778.6884	191247.4401	158085.6695	103338.2843	188204.6604	182509.1397	259825.3966	216410.7693	154539.0119	216144.0157	185444.2114	141229.2017
112581.7108	214470.1946	206752.7101	107522.5943	154242.4734	165504.9512	232585.5435	213365.731	213194.4577	198874.4531	198886.0928	122843.6402
97513.55252	227687.4738	176474.5493	129705.1492	187565.9967	195960.7839	232682.0915	218561.9763	232882.5204	196124.4986	176386.681	140857.0019
118471.2236	187725.6246	182768.0898	125037.319	203752.2733	171329.0386	178057.1763	234259.8146	244267.8784	243573.259	220355.7903	142971.613
103244.8422	164597.9522	193768.1221	123300.5591	180411.8442	157017.1822	204696.9477	218222.2227	241521.6954	222822.0146	218288.6444	141648.5921
122870.9325	190376.417	174625.4988	128954.5426	149421.6467	140802.3589	215442.874	194117.3428	215176.1547	190338.3203	206792.8331	138117.1801
126203.8872	191914.239	172781.7579	107986.9594	199586.4385	177934.6135	237476.0049	210082.9961	182370.6622	184567.1672	215698.8567	159496.7695
118601.3947	213803.2899	173702.5771	114238.0691	176087.6385	173444.2362	249364.307	223259.0988	222033.7881	181245.1043	200450.491	138483.7111
105431.0137	188807.5729	186576.6047	102109.8864	197671.9495	140552.4038	213959.1668	214187.2833	234602.0832	175041.5945	196406.3806	138383.0715
115479.3886	210533.4598	165715.1798	127680.4075	178548.1963	151282.4755	240138.4887	211719.0954	200512.8834	205465.2458	193556.4194	142028.8514
127402.2685	185917.265	170354.1949	92365.9426	161817.8445	162623.5519	234494.2265	222455.6062	163871.2077	230362.0853	194403.367	144074.9058
100896.4906	193069.6269	203135.2134	96778.68127	160323.1086	146159.8437	269083.1556	204763.4428	218586.2434	187211.7451	235068.1251	162876.9876
109531.5773	230545.7389	169873.9438	101813.0047	173072.8696	167005.1039	243362.2947	253311.9769	216274.4932	220492.5685	179569.5767	117661.7125
120391.277	188103.4956	192834.4692	107188.4755	156799.2715	189482.3285	197851.2102	177092.1504	209013.7297	187677.0881	177228.2125	151999.7509
79109.36948	217394.7951	168533.708	113130.8567	147006.8989	153799.3729	206145.152	218926.1614	201138.8433	162459.7271	195030.1427	134240.7863
75902.57757	166616.0901	185070.5236	128807.0543	137208.9395	132107.9064	198992.6717	245870.5097	209063.9109	217852.2104	171984.1545	173125.0486
112288.8699	214954.4277	196858.3293	108106.1956	148753.7029	159431.8054	217606.2652	251239.8004	185836.1519	208934.4047	220364.7324	127141.4512
93092.64449	215909.5696	147443.3656	114279.7456	162987.145	153030.1525	224340.9852	185219.4845	208007.7616	259522.0201	203794.273	112735.8926
129913.5211	231530.9954	143806.6974	110210.1469	160924.0621	160060.3049	214042.066	212663.5938	223483.7213	193480.2777	244674.2182	98325.36883
120091.0952	230912.4484	184064.6866	126745.9394	159923.2659	174256.6482	207563.0006	216822.3997	208438.5156	185922.2753	202923.2924	112139.5023
107787.179	210411.384	168777.2021	112335.0597	185968.4733	162640.5079	175699.8568	212349.8488	228159.0842	214269.3292	178704.666	147414.5636
128528.0571	195421.383	201665.9476	118169.0837	172741.1701	148671.4699	217162.8209	201584.9011	231524.7302	213203.2928	207900.2015	149977.1261
86001.57642	172296.5523	167520.4514	118886.1237	161636.5277	147842.358	224315.7798	217787.0533	202861.8987	219812.9706	212561.3101	134505.3944
103979.3735	193419.7982	190075.1612	118540.8432	166983.3047	146579.1579	241491.4136	192550.2934	211136.6979	183855.7948	218200.844	158619.4418
116875.5699	198312.6177	193749.3193	119410.4409	161892.4844	194819.7164	220585.3609	218572.9747	257435.542	202063.4033	172042.9889	114462.774
129068.8528	222963.3968	181363.5576	96844.36064	174453.4144	171130.9461	242807.3413	215104.5706	206952.3298	214739.8985	198149.0241	150445.8672
131532.3979	176021.0948	178683.7333	118045.9216	163691.1789	184969.8856	178032.3121	246590.8128	214711.2365	227020.3393	164102.6546	149339.4973
96617.94469	227327.8275	199939.382	114135.9383	166054.2131	190273.3301	238600.4027	244958.5063	203162.7678	173004.6307	179633.8106	136635.029
121042.8497	187369.3018	194271.8003	123656.0925	166906.1758	183789.2288	202421.2771	205172.0501	236527.9623	194382.6101	194430.7097	129492.0723
95171.96109	197357.0776	162958.9477	124127.6522	168832.7588	178450.4721	245128.7672	192522.1191	241742.1835	186351.2905	191676.443	112995.1488
125783.6617	199835.6441	160775.1141	116273.0967	183418.1082	153550.1698	218880.6633	251247.5241	231550.1353	200745.7515	202251.0589	143345.4775
120205.5229	211495.7451	173924.2485	112629.9714	156870.6312	173041.917	202483.5092	220964.3535	200378.3633	194392.48	169535.7972	145059.5854
74442.55861	188078.5068	202045.7033	135439.7097	162808.0275	174643.0235	226539.2625	231599.0604	222949.928	189244.8768	197287.5393	132949.2516
120464.0047	210660.0813	176891.4572	129926.8126	150653.1126	141092.0855	242603.3327	224714.0547	246786.2035	200793.3002	250351.3848	151972.4726
102623.5085	223562.2514	144679.557	130541.4375	176413.4009	178326.0207	209623.7504	217427.9729	218072.3711	209479.5478	165235.5204	105845.6394
136198.6978	221292.4075	144709.3905	122800.8484	139963.094	152259.1515	236194.1667	215400.0363	215281.0023	172380.1624	201000.1537	138756.4458
137603.7796	192680.4742	193493.2265	128992.4607	153161.1996	162095.6337	208532.9601	220608.6658	225819.245	178968.854	176211.2843	143624.1743
113611.8572	214213.257	165818.7547	115879.9896	175120.8433	150427.8724	186966.8333	261267.855	212484.1716	192390.9658	160677.1042	122202.7915
108614.2036	218242.1442	208678.131	111677.4991	159274.0712	189322.2317	205870.5942	224795.9328	227653.9295	174709.3749	189435.9842	142339.0082
117529.3521	191765.395	193602.6749	102490.2894	159366.3781	166941.5959	226366.5923	254697.5333	222157.1718	177179.0835	212201.0707	131243.6625
112337.1482	210861.6492	208236.8834	127006.717	210946.3062	188780.8471	207163.4086	224382.5127	225597.1333	211450.421	204721.6823	137902.3665
103568.7645	208097.2535	149518.1661	122913.4462	141986.7182	193304.1175	236274.1367	207924.99	220312.2292	158891.8659	228632.9884	161292.1078
129122.1803	190979.8758	172947.8488	94997.42498	179010.6905	160321.4056	208162.1707	210291.321	210985.8011	183918.9078	228752.057	131773.6
105475.0514	198787.9435	153001.1231	127399.9807	157066.5619	149209.5813	200717.994	216512.9897	212757.6496	193447.1116	182838.9746	128051.4594
143143.0227	204373.9843	190128.6104	112453.0269	173226.7133	151449.2515	256311.0937	182449.1784	225021.9346	215012.9367	182606.9276	153086.6938
80617.33046	165419.7141	184157.3108	141316.5086	173897.1452	175834.8634	197572.9403	195396.6703	236753.7429	201955.1523	249551.0421	151917.6411
147039.4911	209640.6377	188839.4543	84938.2208	189000.5929	165420.8241	193889.7784	215651.6728	254106.5829	225039.4597	196832.31	180091.4614
131449.5263	205228.8015	191362.1018	117023.0351	157170.7184	165221.9662	228131.1695	229426.7597	201031.1124	224246.3778	169469.5363	112662.6324
103000.0115	174910.6024	151393.955	111815.1217	204417.8686	151879.787	223257.1511	229125.8407	207986.8569	183946.0395	186086.3406	164427.6677
102396.8269	227176.0332	198997.9432	129525.2689	150183.8333	185282.9711	235951.1326	235625.926	258114.381	213119.8388	164550.6037	163985.9785
123484.1898	213607.7911	165083.4977	117648.4325	163745.2806	142142.1763	233473.3392	250497.1933	227598.9942	207151.8793	205198.7134	157717.9079
132511.2069	228158.509	181019.5396	124004.1711	162094.5037	162801.8534	217594.056	196784.8984	198132.1307	183171.4419	208247.3086	140908.1153
91596.9303	222183.5499	188326.75	113674.662	149216.8739	186379.5085	266776.289	199310.6422	193306.3617	181672.295	194871.6651	133628.0281
101823.9868	225502.4113	177946.3506	104207.2091	170360.7109	119397.149	236643.3079	230834.737	260866.5273	200147.7761	176539.7668	147190.6445
104579.6417	179730.3469	211429.9032	110492.1592	167622.1949	164727.7186	207181.0672	179214.8273	234324.5539	179609.6493	180070.7675	110712.466
129834.322	200879.2693	215445.3827	116196.6254	169498.2608	179953.2528	228514.9456	208829.2799	230182.6897	186828.4658	169568.5532	120588.2465
103435.2374	205372.6049	173026.2502	125274.1458	172752.644	166818.4378	220561.6805	181587.3758	220784.6082	198168.7539	179695.7417	120847.9783
109060.1708	170600.4323	157454.2926	131694.9967	158094.1516	181436.2651	245538.3012	204266.4693	200091.7901	190448.0725	176679.0378	159104.5804
113823.1705	216644.3412	160998.9263	96733.00485	165959.1912	154513.6462	232067.3989	217271.0166	215078.375	182597.4696	210084.8437	158947.6334
133648.2847	167510.4406	188171.9988	99626.91825	189573.7835	153709.847	220619.4921	246074.4613	212947.1652	208883.7604	203130.7075	120141.9212
97381.28949	203120.1308	192187.8189	109574.1185	160663.4464	151952.7384	218916.0634	188752.4933	193099.2547	187136.6959	184746.5674	131227.6152
107822.864	207898.0326	207840.3364	99740.27345	186964.1452	128175.8679	218237.2459	218103.9219	197621.2787	206725.2735	183648.1477	147427.4964
80150.35886	203635.8794	172255.8779	128836.6886	150974.4315	144077.3963	232849.1789	214003.3493	209711.3038	192618.4486	200047.8509	132504.9614
120185.2143	233631.3543	142065.5994	117970.7801	167325.4074	171846.434	224514.6354	222877.2521	210579.9539	209047.7007	208708.3944	120510.2467
101721.26	213088.1418	136644.4003	116760.3093	180533.4852	152053.7761	233018.9885	219864.8342	218841.0949	226279.4198	169050.4388	141592.3151
132193.6907	188252.5996	173103.9196	134422.7159	175362.3204	163791.6768	222383.0724	186937.2781	231441.1436	174513.6158	190772.7431	111658.8575
135120.4734	190920.0744	175274.0824	133287.1542	151361.1054	128801.5284	218669.2014	217971.4832	234107.1681	202112.523	202730.3514	163233.2805
132906.9154	200544.1306	163561.4053	114110.9894	181091.14	190245.9016	215632.0277	207338.4982	220797.7848	256412.9017	199753.1775	119007.2019
128232.1256	228818.4999	207784.6269	129107.4463	152953.0908	169850.6587	249339.7796	207501.231	218785.1236	196755.5832	213010.7901	154773.9411
110993.6721	181152.5935	208799.1502	136759.466	189305.9182	181585.5784	221311.554	204541.4177	221787.0751	159527.2218	192374.2288	197967.7448
81337.15996	210462.0589	200414.4156	119545.9285	156005.6587	189470.6263	250873.9698	176081.8937	223747.1063	224554.487	196081.2574	154820.7123
93427.95708	173827.3875	159012.1502	115270.9577	168504.7998	134409.1762	235950.205	228391.4438	220675.0246	234302.7341	243747.0586	142530.4722
79564.42409	234638.4811	130358.416	122772.5534	164305.3364	150478.549	238143.7552	254968.1331	174727.0861	196394.4525	211792.4038	98645.62845
108189.655	189123.8143	193273.2046	139558.7833	176062.2727	198877.7818	199088.7718	241109.7892	226493.6168	210447.9858	221067.8056	160542.7342
107022.5211	220436.5584	202486.8867	127067.2061	167771.1633	165133.8575	220305.2313	233376.4117	203140.6364	164866.4774	173795.4483	132524.6417
121786.9688	188766.6747	135057.3407	124460.2775	206094.575	164178.2368	254597.1748	203868.5887	222647.6532	198082.9719	203243.779	118478.5696
81067.8949	224895.8217	160007.1933	100754.053	147600.2452	195745.7406	241938.287	201828.7043	190832.201	201335.5526	190190.5984	101308.0423
114795.9575	200433.8331	171751.5902	100973.1455	139397.3907	183435.59	218875.1085	206180.1074	209316.0202	222183.4368	202662.2872	151919.4064
110484.8933	180071.1631	151257.404	110153.0713	165958.3372	154787.424	211598.427	194849.5933	220948.238	207405.0435	188022.1958	159271.336
90050.41385	223221.075	169746.7123	104187.9142	188534.9441	186732.9803	267365.0851	230354.8494	178640.8657	197413.1152	188032.9635	134106.4851
121567.757	165613.7858	198503.9018	128098.9057	153854.7954	151086.5361	227457.3599	241632.2598	234385.5742	195209.8372	196767.0674	123128.9283
115333.6411	177651.2352	165661.8624	130752.2979	177205.4821	140768.6425	233756.4317	209861.654	208247.8892	216552.5444	235480.257	139517.6659
119535.3474	170250.1967	183768.5229	110330.6121	152957.0384	214680.6471	241025.8016	188793.4814	228785.5144	195321.8957	187412.1423	122727.3961
103331.9315	208977.3094	181640.6642	95731.08222	171993.5465	164993.9483	203733.5715	214114.6295	178384.2793	173884.5651	204342.7673	135298.292
106536.1282	177362.9159	157011.9225	116551.725	140999.2423	161571.0079	191167.4189	201116.1811	187960.879	196221.7608	175339.3089	154921.0199
97974.08726	196515.5946	166224.8078	136591.7105	160375.0605	198700.1766	243872.791	249207.207	219808.6251	192539.1179	216497.241	167660.0537
96680.69661	223623.6189	176369.7171	124474.6903	158297.3375	177363.9868	237694.2024	210229.6706	210240.1042	203652.0634	189446.7675	142242.5933
116567.2261	207154.3388	220943.8749	114918.1632	143824.7821	149788.5433	209332.4625	244230.4179	162481.2877	188822.5404	195784.2654	111169.3083
116954.7463	228356.482	198542.7688	114229.7207	162463.7961	165356.397	214578.1045	185637.4061	188997.9505	191444.0943	189683.2158	137144.7113
136134.607	224420.2144	150332.2996	128069.5402	162200.2596	144766.3195	266664.488	227944.4573	201674.8632	194438.9189	201307.0893	146974.6625
143419.6384	204210.0148	185837.1539	96903.54914	188644.9197	164294.0664	240816.3534	221677.7655	222448.5865	203233.127	179536.178	143204.876
95599.67862	200974.6724	179429.9882	118751.522	176086.6364	193566.173	251431.1787	198423.7351	212848.5199	166122.0938	194427.3399	135752.4971
97822.20581	198395.9676	205193.8334	109428.4173	173088.9365	169527.6679	195638.6584	213593.9509	232219.0764	207289.3708	180980.3793	113722.0309
146567.4348	189684.8774	201100.8881	105588.7926	165029.3197	148666.7678	224637.5505	124318.1498	220618.7831	202087.5838	234385.756	152608.9065
124006.5726	196319.0494	233407.1106	105548.1498	168721.6587	212073.8528	244938.3912	215092.4843	205118.5193	213240.3127	232857.2842	137933.1375
105871.0305	203081.5555	189584.8128	119418.5461	195831.4146	203653.3362	259385.8988	240368.3627	184274.5919	210307.0196	188826.7422	140158.4278
107239.9905	165492.8584	196594.0927	134522.919	164617.976	149677.6339	214318.7159	207986.1795	239615.3812	222306.6008	206911.8179	136043.3096
130574.7401	197527.3266	190996.2769	113526.8163	161565.0935	189559.5887	203424.6111	223162.2504	248980.5422	189426.5134	209755.2813	147219.3386
123728.4427	193495.3427	177602.5394	111431.9369	155737.1984	151400.5299	236226.5241	238274.8109	201438.9629	206359.387	206959.6348	122394.2901
91907.51027	185051.7635	179738.1616	129223.632	179137.711	149532.7457	222503.2106	234633.9414	194531.9701	183900.1945	183395.8017	158204.3048
109767.6653	178333.4645	197390.0203	117790.7706	188746.1543	153443.4594	197544.9396	213260.7279	230352.251	197920.3219	177494.1764	161597.4363
123115.6087	191737.2135	153711.0147	105548.356	162388.8354	149111.6515	206411.5952	202372.8032	219050.0159	218311.5564	228946.6104	125301.6567
120296.2371	186535.3281	195320.2876	132480.9257	184191.7164	156671.155	238968.6188	219551.65	236135.5161	190848.2548	211740.5903	129601.1124
123098.512	192784.866	187640.9762	98413.19911	187869.8319	160750.2041	241515.3824	201371.746	204542.1328	210592.3344	208138.0769	135063.6819
152338.8786	171819.0922	187811.2733	112404.1047	151501.6751	143690.0154	195618.0399	212279.274	193679.0152	203235.9454	215212.0762	142772.9941
152349.1212	227132.2499	183678.566	120983.7312	184381.7034	219530.4033	223218.7404	222269.6968	242245.8897	222677.3204	182397.793	137765.2052
101343.5935	187753.6428	190575.6122	136754.8849	143507.3619	170816.3067	269068.6432	172099.5177	246891.0448	205758.0217	200809.7554	143208.0324
109301.7422	178348.3248	148285.0752	106361.5557	152859.298	155552.2335	220003.8623	210807.8636	223453.24	212834.4083	175261.0618	136120.2306
71348.37941	156362.0025	183726.539	107808.4438	176908.0234	157898.5915	228875.0829	228871.8281	239799.9299	204477.4174	177541.1779	133986.522
103676.7402	181706.5449	205935.114	110247.9071	158977.1593	166982.6688	192716.7371	218868.528	192541.6618	208757.2905	215695.1795	147821.8838
104746.1117	215989.7283	213449.8859	128726.0607	185111.8234	179827.5318	214433.9742	241719.981	218674.6328	228630.3002	221676.9684	164248.2077
145144.0142	211789.7515	183010.7425	125365.9199	169433.7235	153441.28	221297.5318	237591.9968	193007.0389	186877.8185	186800.8048	143146.6066
118864.6458	181870.3688	196872.5081	108895.967	198811.6542	196935.4064	216116.9529	206574.5739	204929.5949	214741.0354	207922.071	114294.2127
127210.2983	231724.4645	170921.436	94102.88668	172298.5301	164967.1456	225006.3488	219579.4932	201135.8246	221706.4049	190069.9886	155681.184
100195.7835	227593.2124	192791.9729	121924.5313	186570.9286	141963.394	214442.793	192646.5866	199637.4121	196584.6448	209277.4267	147856.2598
124044.9302	189481.6157	175854.8081	108347.4082	189503.6791	165818.6641	242881.8425	230896.0572	216194.922	219664.9551	199975.6048	129989.3935
134253.3936	227750.3811	183594.7673	111336.9985	170774.4178	168977.8368	204132.0872	218276.6755	228414.9662	180390.1192	210727.2864	126821.1267
164805.1471	232650.9605	165171.5813	90403.62382	183615.2491	175485.1628	228144.0023	199409.8934	221649.5434	209652.4104	197705.3816	121361.7927
80041.33466	181013.9991	196772.5394	102042.5304	180164.8496	152693.4429	207077.7525	246685.5655	251319.1783	187757.7091	202786.53	137857.5082
91747.71236	162213.4392	148465.985	138370.2914	153485.2522	175510.2956	223379.8468	199167.5254	249228.0396	202802.2068	186172.246	139346.5933
107798.0359	184625.2065	187551.1283	118726.3567	163665.2523	177229.1947	211006.9426	232937.2245	193911.233	198432.3293	216602.1327	119701.0051
129939.876	196409.0168	115058.493	85513.78967	162335.8517	165921.8261	238042.7954	182320.7238	213252.0919	210374.7069	178684.8202	159322.1316
123680.0354	189195.5659	200625.0234	104434.5055	152669.4433	110656.2698	224898.171	200060.3487	220832.4311	202198.2275	243299.3321	132501.4543
136074.2627	226382.6667	198914.4218	107659.7516	175911.4813	165240.489	205790.2045	248566.983	245157.6711	197079.2586	209322.7015	108561.9549
129991.8027	177794.0803	170262.0856	109640.3842	167680.6003	170921.3004	221703.9212	181827.0736	199512.6729	210715.8777	178319.655	170496.1372
118494.5617	187585.9456	179884.6804	122908.6034	163959.4253	147205.5263	186710.7264	197129.008	238500.9155	188829.1648	224008.807	143936.4944
127376.9238	239146.013	182126.8259	110629.5241	165174.4499	181611.5751	208879.5023	229695.8074	191714.6903	201051.9519	216099.4989	115843.1415
60355.33117	198619.7586	163513.9128	112100.299	183753.3242	169091.6535	248333.8812	192591.6723	189624.1458	227659.3499	208881.1656	157387.3173
93499.99262	182753.0555	180973.5275	103915.7487	174449.7992	149135.9644	236293.031	212950.8707	210007.7556	213400.1887	203663.609	134480.971
104389.0252	192329.462	205795.6077	103741.3779	173666.0614	181115.7319	219506.7497	240143.3093	216885.5199	172907.1353	212635.5067	135202.8082
124782.7313	183077.5825	191697.9128	105158.6198	169370.0846	196857.8415	251236.5516	220421.6074	270892.0076	200919.355	210683.889	139658.056
95983.55599	226443.9996	146657.944	102985.3298	166994.7735	193575.5564	230481.4979	187034.0307	199915.7545	218298.945	193952.3486	128051.1772
100303.7705	190907.053	219108.161	92733.72493	169992.8939	175008.0526	193003.5816	217191.5904	211605.2779	211448.7817	196315.4094	146677.1705
125363.6911	185221.7106	187619.0596	156034.2079	189764.5722	194446.5339	211781.0563	228954.5314	186897.7013	200063.4086	191796.0924	144845.2804
143785.7599	183285.229	228773.5611	125867.6849	164292.7855	164932.1973	218127.1896	216905.9651	201436.6004	193281.6928	197636.4446	171647.3894
106139.9251	224557.4509	176846.0751	129544.657	191222.2164	159803.0847	231723.3057	223544.573	247523.6301	206643.351	206255.439	143289.8902
133212.9827	204415.7529	159487.946	114758.3897	143103.3398	157703.4928	267064.5912	234260.7543	233849.8704	208994.4573	169872.0702	101937.8255
107130.1192	186330.0604	182512.1278	102650.2149	185917.1285	150679.5587	255042.7542	209061.0065	217586.5025	180367.9392	200544.9086	172798.9373
100279.7332	206194.6005	210735.1105	134479.3369	163653.9682	152628.6442	186190.1615	208897.191	183777.3807	175063.0758	184674.2498	139606.8552
76411.40858	194066.0373	154813.0604	93497.33159	158679.9239	154961.3541	267187.9301	231634.2925	215255.5661	174454.0593	178238.6847	126720.8704
76851.62339	227171.8111	169001.0351	117972.6219	175729.807	170629.4813	240473.0807	176308.657	236256.7645	211816.4865	169206.48	156329.6511
81394.61072	189320.1226	193405.1483	102699.0959	150186.4058	213282.5596	234007.7958	263277.3345	233141.4322	186364.1264	230338.2045	160431.2356
103527.7345	187079.5697	160154.8729	112447.5997	153952.7841	168171.1593	242462.416	202810.8966	218959.6533	218183.8308	195170.2449	152874.3318
110680.9367	207837.769	204575.8094	125405.417	169603.7754	132488.638	184422.6753	184731.6618	186385.9133	192610.5198	208844.6193	148819.9667
81534.027	214358.7739	167209.2978	116515.5295	148164.4877	170146.3132	229056.9924	215316.2593	220283.6051	195691.0373	196257.0093	176082.769
84451.35046	205271.4697	173497.984	118211.2337	176249.0352	170958.1264	194740.1201	208168.4152	182908.5116	194318.9633	187789.8706	152578.5894
128163.5502	184238.3218	165821.2465	109757.6959	159261.2998	147872.7001	224665.0899	224660.2063	209703.9114	221330.6363	184571.5143	160875.2466
120209.7358	206492.8759	157352.8643	107564.1981	192940.103	205285.3703	230792.9774	216843.3313	217266.7054	187093.0483	193888.3304	140536.0058
116368.7632	219285.5383	150697.8922	140347.3799	189965.5085	178645.5579	228243.3929	230875.968	219528.291	212286.1067	204949.0573	162729.6471
108812.9137	182239.0522	196220.9901	97357.20089	158379.6354	172460.6441	221876.7081	235466.5976	196737.8797	190273.9505	192746.6286	148015.4597
94927.79331	212442.9142	199259.5824	111361.4611	165738.7642	141159.1764	204345.2433	236916.2146	224872.5104	210526.5029	195436.5999	130741.4472
125122.2528	225734.1387	186327.9898	99865.99821	174644.1366	201516.3779	226910.8629	215229.7461	244110.9217	187973.0588	228116.2274	149031.6888
84346.51506	185394.5373	221885.7551	133103.1655	156080.382	185513.0519	195833.4373	244218.4742	226382.1884	215957.5994	218654.2292	146588.4755
127398.3926	203889.4136	156844.0755	129574.6375	201336.0681	170775.3758	260669.7471	210419.9246	235541.4534	191621.8798	205579.0675	161242.3657
105826.2353	217069.2463	186790.3991	90911.03461	159453.1551	193624.3985	206983.9473	261352.8103	188885.05	189424.5391	207208.0356	112722.3316
108852.8932	218755.9363	165666.9454	82728.97587	177401.2247	150034.1487	227602.2148	206658.8865	220481.1463	201385.7657	191030.058	144086.3214
82022.37925	221378.5274	146420.3073	111724.9998	141161.6123	158835.5618	227838.8859	237932.4657	179845.577	230454.9553	207227.7394	114138.302
94564.14872	210500.8089	160522.6736	110653.5126	151167.0089	162526.8876	234097.9179	213955.6473	206759.5471	185933.0289	204108.3958	133123.683
111792.3006	172620.6227	204979.5072	114532.4654	164303.7016	179845.7067	196517.8522	198181.8725	233572.549	198817.1983	207397.5458	128040.6049
112725.6604	247904.1898	156518.4499	87103.01337	175503.7079	189396.4096	246642.3793	196039.9543	219718.677	192580.2723	196182.7729	146273.8025
120794.508	183854.2467	139625.0253	114434.6008	173773.0152	152693.9205	217404.5428	167459.8257	219059.6499	190402.0809	218269.9889	159711.1768
138926.0455	213970.9495	200918.379	96569.36477	150759.9766	162171.3887	234612.511	188492.7831	194815.268	186365.7189	206417.2494	140360.5822
81849.42845	207325.8444	175798.2077	111372.095	199085.9839	174085.0662	235905.2331	222026.531	234839.8778	175895.7328	218297.0239	167279.8456
140182.9312	212305.3989	192918.7801	121363.0783	207692.8285	139172.201	200870.4099	231031.4013	207057.6357	196105.2389	178108.0117	122864.9657
98837.81988	224840.9045	165751.1653	107142.2925	159138.3175	163984.3496	215163.0957	229575.4282	243949.2741	226362.5509	223047.6531	104542.4804
98779.8827	213766.4317	162451.8299	106390.8383	192303.7853	198815.9694	207358.3355	183767.4437	195794.5891	167915.4988	200398.9319	117791.363
123944.5807	211751.6624	191389.8447	92196.22175	161993.9193	175767.502	220041.9602	230505.9029	234072.3059	195696.9979	224837.6251	134410.3831
114709.1106	173485.4606	170402.1197	110581.5447	169463.3983	161839.6303	206257.0459	198067.6352	209685.8294	186457.6642	223910.5279	154115.4288
120823.3293	220698.3784	176268.5217	110036.1332	170311.5819	174824.2622	166890.6478	255563.692	240103.4287	218650.7503	190898.3283	128599.9078
119948.0372	233423.356	204924.9122	121528.5334	169417.841	198755.8222	206864.4935	233191.1038	220735.3482	207854.1882	189568.5277	151184.3941
112301.3195	226014.6532	159889.902	108869.2078	154219.894	146908.0454	191922.3307	230804.1228	229416.2876	186586.0541	195932.367	133138.5948
99733.28784	179381.665	177821.749	131138.6325	187545.4728	193829.7376	218282.6601	221512.2202	204400.7241	215179.7742	209828.1936	116576.7274
94793.06534	192838.1673	207779.3876	128502.545	190676.7746	152824.6188	257014.6601	245473.5206	211895.9308	217773.8275	193648.3308	125298.7919
141922.1558	180448.9302	165707.8337	114020.5506	156320.7158	195227.3739	235574.5915	201413.8425	202099.0229	208401.1893	220528.1456	126813.4768
119273.0958	171579.2866	177119.5927	141616.3658	167519.4394	159061.1991	184434.3282	236563.0302	237128.8214	174857.389	191146.5046	141679.1924
95587.86475	238567.2426	184006.8762	118969.6587	152133.5413	138069.0902	266167.6549	219449.8356	242669.0232	198637.6366	219384.0942	132681.0054
82022.04492	193008.7306	174002.3796	112380.4316	186539.5465	144002.635	193950.3242	223075.9075	191592.4014	201549.8097	181349.4845	137270.9764
106483.7119	165488.9488	183959.8533	108045.8564	154325.6232	180433.4125	240823.3842	197364.5968	171901.2242	240753.7428	225851.1843	137858.3921
80714.49349	208428.8746	173719.8738	106869.1901	197406.865	168287.9706	223036.88	211053.4477	205768.8201	228642.9006	210600.7616	176664.4727
110701.3425	201289.7984	183761.1826	115019.8893	174162.1378	175554.0269	212477.3243	189085.79	253656.1096	194952.6641	177015.2498	168689.7335
108439.0964	172395.7152	161488.3876	116921.9617	165250.2702	193775.7309	238571.6677	220482.7578	215465.791	195741.5903	219154.6937	155800.642
91432.0511	175115.7549	174455.4212	98548.96908	170147.7207	160711.8306	241556.041	202970.3922	228797.2597	202668.5784	174567.6739	148998.7275
81853.47934	224091.4233	176643.0316	108019.3043	171656.1024	175633.8245	177091.7306	204338.9824	207740.4061	235920.9708	207939.7179	143341.6132
131915.596	215513.0075	145364.3923	123782.7431	162350.9384	187745.4822	235852.0686	179717.8313	230435.514	160385.9981	214052.7623	166026.2672
105053.5532	182891.4328	157761.0539	113038.0185	177705.8118	191686.6914	212432.8376	237812.689	213420.1918	197705.4468	189314.3413	145208.7082
88519.60479	192221.9311	160760.1383	112748.2181	167803.9604	195461.7215	213033.0589	226788.672	241374.3551	204640.8652	213150.1337	141271.8764
68888.07689	221660.6194	190602.1541	113779.9952	154598.1012	171021.6211	202453.8344	227248.2428	204654.707	175293.8964	197350.6361	139821.7659
128202.4951	199494.3644	177906.4748	107393.6897	169563.0288	181900.0077	250483.2881	209672.4896	213512.8356	229900.7676	174583.1089	130023.2062
76604.58209	199511.444	210505.0742	104550.4869	167662.0776	206718.5939	215794.9307	198313.1788	247060.3035	160603.6967	195072.1243	112408.9407
104780.8006	214111.9389	200616.8323	111539.1769	172297.7172	198087.9263	193830.7078	177706.2337	223183.8018	209176.5591	227392.0355	161655.8334
122605.726	199961.9356	193400.1796	120185.8537	174643.5952	181678.4446	243610.5702	208908.4627	196259.1441	225265.4287	173469.3529	147243.9644
113551.109	231038.2286	155834.6166	147027.3279	169899.8061	200095.4276	176579.9292	186294.0893	242254.6019	186904.8508	222875.1741	144913.3085
103264.2471	201574.5765	157018.0844	119004.983	155080.6721	170312.3669	213593.9904	192273.5666	199819.4085	231800.0727	227974.9033	133954.7841
110361.5172	193704.301	185590.8417	94937.57695	151137.1304	137197.3982	177253.1259	221543.0915	215300.9763	185528.6774	165793.0702	128589.3061
92317.11884	212524.9032	204819.4719	140129.9453	177471.1326	183435.6493	249516.6576	182458.8216	217511.8902	191363.9944	234081.9516	173006.3289
99276.40157	197331.5283	144464.4359	104442.8168	175299.4508	176548.515	258310.9591	205441.7802	231242.7164	180317.6666	184059.3732	131634.4037
84489.31995	203451.9685	199502.9436	120908.7662	179481.1217	142144.2226	197547.6175	205690.6898	217115.7997	207277.4767	217476.2047	176604.7036
124496.2047	179892.952	186358.1649	119592.4943	168722.7268	190226.5806	221706.6389	209030.1174	199582.4988	182552.6173	181535.8377	129561.5606
146147.0883	205703.4056	173156.877	144329.5083	187366.4986	184930.3969	240866.8579	188948.2926	220097.3712	207916.9356	217178.4393	157648.9614
97812.87969	190276.5419	164098.7196	114703.5673	160861.3299	109674.9914	242541.6706	272651.7025	221350.594	191220.9849	206387.6369	124750.3507
77145.49048	210146.2063	159263.161	128734.967	163994.3371	177914.7327	169056.76	217695.7452	202896.4001	188085.893	198471.1962	123326.0459
112487.6284	193065.7706	182076.2638	98241.3116	185993.5655	163273.2268	211669.2509	238754.5797	242639.691	205482.9628	207173.1225	162274.0292
104760.5766	190538.9516	195706.3078	117445.4516	157755.6742	187756.6277	232149.6188	185916.7731	181275.0635	168903.164	170470.8472	156827.4971
129722.6043	197456.0376	160478.2293	120033.0575	180159.5529	168508.7948	235290.5312	173679.5662	192184.244	199641.7368	230943.0034	149100.6891
90468.17857	208337.2288	202595.7805	88550.67826	146868.9142	167612.2329	235513.0622	231662.5063	182659.9521	206797.0248	223723.7449	156655.003
130663.8727	181474.7071	195519.3338	114096.2052	158389.0568	146726.5783	212375.0275	206636.2562	221407.5303	202971.9679	198773.9133	149835.4017
112298.996	216093.2502	195920.4873	99441.69593	161434.2494	144608.7722	191265.312	198404.1615	208825.496	180207.7351	216348.3286	99326.57591
132001.0759	180648.8616	205375.964	116796.1666	204814.2034	165700.5452	201136.3162	200088.6141	234726.8841	216013.512	217940.4588	153659.1857
83383.02467	213794.8379	153542.5332	81067.56007	182771.1512	175564.5834	237992.8946	216990.0822	206177.4438	170454.23	169234.2973	176121.0702
137206.1838	158564.8691	142923.0279	121231.4756	150411.8216	167810.1866	211789.1152	228670.1593	219125.7739	196468.1181	205224.8392	140518.9559
97900.64021	173819.217	180220.1575	119041.2938	169270.6528	189733.7536	213768.7283	227118.8501	192687.5192	200449.129	211129.54	106870.378
117361.9711	175720.3379	182842.1854	132417.4592	172823.8217	160985.5037	239014.4355	213820.3263	185397.5286	197060.6185	199839.111	152083.104
88855.94567	167077.1021	182902.6171	106177.0083	163379.706	193085.316	229705.0479	240414.342	204847.9087	212766.3147	185056.6	143504.034
104793.4771	220325.4402	192904.2878	129776.4853	169184.6828	197458.0443	246139.8985	219776.6727	237104.0139	197706.5824	198037.1379	138904.2089
90228.37141	208331.6663	167092.7878	108839.227	155924.9803	159972.7052	246767.0504	205019.8472	224347.4953	215668.1618	211089.2766	120239.8762
125984.0838	211153.0636	180036.4728	96727.24727	155115.669	183319.2536	196798.9547	223873.4595	189860.1866	167795.6727	185571.6853	132609.5995
130495.8929	191390.819	187588.2861	110045.7611	157928.8243	159024.5087	250351.7922	195936.7958	217657.6351	194683.395	186429.3274	151206.0139
77994.82454	203629.1712	162787.4246	102576.4784	138769.154	160611.8459	217645.899	229522.3637	231430.3282	175922.5974	208465.6276	129225.4703
89235.122	194855.0482	175698.2383	111603.7515	163996.8353	151019.8099	191041.7586	222444.3995	215439.257	208765.0989	196818.339	119911.1969
135407.7357	168794.3261	160936.3772	100420.4164	170215.8116	186929.3707	192409.348	244130.7845	199490.4626	221475.1415	183624.1075	126084.0625
120270.8485	194054.3972	175837.858	129497.4155	132366.8032	214456.8324	219772.8578	200704.5387	233168.3387	196274.7672	188129.0129	156611.5375
113304.0171	192498.8725	133988.2897	133287.1483	165502.634	211492.5842	205098.7342	219690.9155	221789.4301	170270.6979	186561.3312	140424.5362
100768.9003	216468.8411	167779.9858	90204.73291	170615.4195	150094.7956	219076.0576	191646.1757	224218.9618	176428.3553	182733.6667	126275.9872
132019.6693	168811.937	187302.3305	104964.7482	173678.4672	112140.6372	223605.8275	234826.0491	216118.0574	206053.1108	155808.2369	132655.6671
74560.25861	218421.8251	181849.9971	109418.3541	187167.3127	155049.3642	211819.7764	222412.6066	205687.5146	205911.4007	194121.7611	133595.5992
124444.1178	176502.0717	163538.0425	110155.5774	172686.9044	176877.0938	233965.7345	191817.5963	194579.1252	212255.5279	198910.3785	139530.9327
75679.0906	212853.5719	150096.853	139749.0525	172427.2392	166839.3506	245557.8912	208724.4392	214043.8677	188382.2776	191496.0844	171607.5805
138913.3775	214679.5487	188278.8756	91995.55578	166872.3545	135308.8619	214476.5678	205442.1891	202537.1903	168060.1593	186619.6298	139580.4405
103021.4035	184284.4487	154226.8646	97418.83252	163760.8455	158176.6545	213719.714	244238.9422	194094.8837	188642.9132	207144.6382	157682.2419
79468.60348	163359.9354	172185.339	115884.2477	145325.3302	146876.9746	224747.4786	206300.1583	234016.8842	210823.4716	236039.1125	107839.806
69545.84929	192904.427	166657.4792	145558.9132	196731.4996	166921.3816	225689.0394	234643.4204	191615.1214	200171.1378	192464.4747	120711.8805
131379.7762	220329.3975	162995.2267	113720.9098	161880.5112	153219.4143	272981.1754	205554.7473	226531.9563	216421.3616	207829.3897	164311.9314
89252.06974	200313.9671	196694.6631	109210.1132	169567.8693	181762.7784	203499.9701	176827.6133	193742.8484	192410.5556	175564.0626	124938.1776
117940.6728	203382.6438	172838.2385	124219.2042	160874.2047	175291.4007	235039.4341	208638.8472	239279.9691	203592.3338	164923.2241	131610.4719
144827.9037	192986.2368	207171.6949	106551.5419	197400.257	127438.5767	242491.1405	225358.4597	212834.4957	167646.1255	179790.905	173603.9135
133671.9077	187841.6281	176582.1316	118224.6239	145918.4341	160676.2213	231096.7634	246001.3835	219017.7483	222445.8653	178055.5337	116435.5626
87825.14365	206622.7359	188394.7886	109084.7829	158473.2419	168995.3377	165496.9463	202210.8308	186480.6485	190127.5739	181718.8581	136843.1646
103107.7168	190036.883	193183.408	122442.1867	185181.8132	162204.093	210810.2026	228172.7296	192610.2867	171405.9381	223508.9125	138772.4986
108323.2882	178179.16	179085.5722	110590.3869	196448.9951	146873.84	239769.4874	215924.813	198616.4163	229047.2892	186493.7161	138660.0927
106415.1871	187006.0013	185516.6997	92132.75813	143738.6456	150735.7717	208120.8028	229373.8251	196004.5155	200021.5162	215878.8332	106403.3202
87356.06403	204004.0479	198726.0504	127061.7017	166205.4771	154527.3039	259195.6646	223748.8467	221552.5389	205185.5383	206888.6913	153339.6717
98395.50649	218907.3751	178375.6554	105906.1648	168792.7537	167690.029	229807.2623	194909.9424	210384.2828	196049.7672	211902.5828	158835.4246
107016.2993	193013.3593	185868.8377	119427.3095	167329.362	158132.7574	252263.7986	218565.7425	203355.5014	218706.4899	159237.3885	132047.3154
100306.0602	200826.2855	178619.5743	134564.8315	156310.48	165829.8531	191517.5483	221224.8371	193980.678	200898.6754	194313.3942	160552.8667
