Total observations: 478
Total time period:14
Unit for demand: cores*hours
=====================================================================================

102408.9413	186490.0845	128390.3416	101279.4148	178556.0322	153583.071	172885.0741	194403.1571	204971.8269	141730.9808	161019.124	166765.7656	117891.2995	115235.0247
104074.7922	190245.4394	211961.1379	123217.2315	160011.5687	136246.0289	209682.509	176380.8184	139778.0092	145608.8076	145561.6069	147387.5559	135029.9407	107605.4499
102315.0444	204371.0791	203461.8521	76386.7204	158258.2968	141433.3757	208086.1931	178361.8071	166514.8684	145115.047	153622.5159	151493.1422	97427.39027	117945.8197
120891.7223	186349.2645	176742.8156	120582.3322	153165.2035	172816.0822	201539.5381	197063.9718	186827.3426	178987.453	157255.9145	152280.0844	135785.8083	147205.5404
86895.3589	189871.2181	140630.9312	108986.45	137811.3193	154897.4643	179450.8421	173722.288	155759.3031	163031.6151	203957.7505	136965.0609	106176.3979	100409.8374
99807.05688	188424.9913	180477.6632	114523.4629	135668.938	153029.3455	234064.7027	208370.3621	177794.5263	161047.7888	133463.6184	162022.4771	148416.7026	126589.8627
115052.133	208644.1546	205626.4102	110439.4021	143786.1176	178518.7131	178068.0305	188809.3282	202909.9161	142686.2816	176411.5682	175015.9763	126173.9041	97901.32717
119488.8212	184735.1791	146473.3663	112888.5397	123277.6934	152524.4284	212762.4895	155291.0026	194354.1774	166128.5501	157572.9643	126518.4512	141651.1487	112277.8782
127786.5626	216319.2065	195033.5877	105915.8918	147848.881	132771.443	174009.0298	211659.4912	189866.2794	178364.8052	192703.349	135582.7002	111213.2736	123113.1168
117847.8012	201009.0023	161498.454	119941.3785	168970.1584	147486.3622	202011.0881	171800.4355	155655.1321	163500.2396	159677.9406	155495.2003	129173.3642	101349.7603
99374.46692	176595.0129	117356.8832	106713.9327	141998.1114	167776.7479	211310.8958	201845.9353	159979.1363	156973.4154	158838.4215	135100.2169	129109.6435	95943.33985
109718.2716	212782.3671	165572.2334	102936.6876	167665.5594	157498.2179	210326.5088	188199.7061	190084.9861	148594.4385	151016.6547	166196.0751	135759.3947	140717.4418
114370.1331	196944.4774	161558.1236	85778.79213	156448.9943	110394.2495	185577.3278	186186.383	169977.3466	177049.7095	153392.7826	144275.6995	163293.83	111569.5766
114232.8612	167440.0493	151258.8811	104228.5806	152782.4363	143348.7336	166757.2133	187827.3095	164022.9238	157831.5539	157632.0299	132502.0302	151128.0648	79538.85306
124707.3213	175842.5827	184724.1403	109030.1782	137402.457	102000.1311	217084.2168	214509.1951	152840.0639	151375.5843	125853.005	139972.0575	120692.4205	122015.709
75327.39475	176309.6772	138206.4058	81319.99418	148175.6688	191387.358	197517.7422	197214.3569	185694.2515	122924.0723	156163.916	145551.8223	111280.7119	148047.6263
86252.69031	219045.9144	121120.461	89958.57862	177545.8034	119754.7474	207094.0768	171870.6281	206640.9368	131361.3497	190444.2118	186724.1965	148190.0023	98791.42557
104602.2619	188275.7839	201735.622	104320.743	153006.2953	171824.5938	186394.5379	207366.5681	168205.7164	158745.6631	139167.0884	162987.8733	148369.9643	115947.5899
67726.88204	148657.4008	193618.3428	101932.8166	131127.9243	192286.4239	186621.9721	197984.8404	179151.2614	167178.488	166822.2915	162662.2633	119196.9794	106499.4674
75631.83531	186735.4715	193942.9725	109470.0551	138089.8515	161731.0254	198060.8799	199631.9249	175055.7073	159797.7556	178395.2393	169212.1057	121542.8892	135491.2187
92424.03315	154945.7511	205172.4796	86377.38092	158155.8395	140400.3526	193200.248	185882.1016	154547.8808	173025.1365	212940.0058	155507.425	143778.8087	108343.7829
126149.8518	170385.7297	199015.9767	101598.47	126234.9749	143753.1486	220762.3618	171571.1684	143194.4393	162609.3578	163968.23	179908.8338	115210.2962	94380.2468
70034.56795	208931.9754	167723.5358	112880.3457	139221.1913	149832.1058	215228.333	215994.0243	139442.0147	163108.9887	153927.3638	164666.8102	145583.7436	123046.9104
100001.9188	161799.7686	185210.7929	90586.95241	133815.5738	140607.7037	246600.7034	188991.0334	180758.1724	144326.073	130473.7404	134438.0734	129549.3703	134353.6457
95015.62831	195624.1081	188252.1711	118359.3589	155029.2243	154381.2592	190127.3836	190272.4604	173654.9617	179474.9212	152811.9176	154558.1735	133176.5596	104222.5196
109627.2377	201460.7791	184578.8539	82036.82244	149174.4409	130256.5607	177874.3347	177205.4074	168269.4058	157517.6884	161137.9337	146064.5412	113237.0847	113102.1279
125726.5873	171009.525	162177.4499	103165.2118	160705.6789	149443.0946	222481.6167	198493.6002	185465.7069	161046.0822	189585.6162	157839.9176	128816.801	123447.4815
107410.5538	170185.6699	185453.4305	115337.9389	152635.1634	149361.919	172077.4738	197176.0337	172112.1824	159369.7208	162939.1788	181236.9923	116858.9078	129602.5232
79728.23844	178262.0629	191054.8912	101171.8424	137281.4952	169139.1561	212002.4925	191115.9358	121695.2402	156801.6367	164382.3912	153250.0149	121554.5149	96559.31035
80972.70735	194475.3103	175990.6943	99873.81199	149080.8464	145463.8663	206469.9344	157405.6623	163440.0158	161980.7673	184790.4024	140148.1482	125697.496	100902.093
94943.68393	171060.7761	214033.7446	130653.2824	165113.9829	131850.5902	207015.8249	196074.5496	188955.6763	159383.8489	167114.316	130514.1292	126796.2295	112933.8821
106137.4943	190745.1706	179061.5903	87549.27386	140066.0171	144504.0079	209506.1565	190080.8672	153930.1012	144217.812	165151.4448	119761.0399	126451.09	100982.0517
92180.64729	177067.6314	189944.5614	100537.1568	140610.7489	119695.6198	235794.8675	204110.2358	172138.5785	159113.1367	145939.7037	135273.0826	122694.9902	109897.3153
93441.53469	133441.6835	151006.3376	94828.13607	149945.1235	180829.5279	236006.8268	202155.752	170897.9511	167650.5544	155724.8715	173805.5582	122864.286	103239.665
124920.0068	150271.1551	139720.181	95936.86566	172211.9288	177987.4287	213602.7487	176906.2719	209639.5247	167312.7802	184518.578	181927.7194	130418.6826	114517.2989
82735.04984	166101.2307	172634.1182	96505.1132	155686.8362	155486.6228	199346.9195	179147.4086	175821.1539	138076.6787	151233.9639	169674.2165	93792.34504	122631.538
119950.8919	162596.862	180470.2789	100578.1124	154141.1082	149785.6534	212188.8488	216522.6821	191465.6988	160181.5564	169299.3346	143904.095	138194.9765	128707.5221
93701.34072	187176.3333	185512.382	98520.92064	141379.7744	150721.9678	220519.3273	166299.2602	185347.3082	175205.0746	161209.5292	200182.9222	155303.9811	103910.7229
88242.31629	206205.5854	130947.5336	85484.25535	138114.6436	169491.3726	207569.2372	198981.5781	137256.1704	160223.2342	158076.4902	169211.1418	136121.1633	124390.2019
106387.2628	202243.1192	146083.8867	143836.6202	154632.4519	118638.1248	177364.4411	205813.5766	162762.0826	161236.4971	175630.1661	132418.3643	143659.8295	128736.6381
97492.02294	159343.199	176763.3085	72499.5056	159100.7056	115525.1559	196093.5472	202389.4269	187207.7443	164968.2064	190373.8659	154228.0135	142944.1384	121615.316
84205.36288	193034.2958	185748.6422	116620.8283	153986.8994	150893.6918	220367.9149	194819.0409	164288.2148	159129.3285	175664.163	155344.707	145885.8856	94893.14528
106899.8691	182584.6321	136409.7367	72665.60612	148830.7849	159617.4372	208711.2665	169560.7818	164449.9343	145023.8255	154861.992	157151.6606	147908.9029	94086.65579
101344.7871	205375.2056	180882.3118	100450.2799	167133.6823	171119.229	208724.9318	200554.3437	168773.1243	164783.959	143330.8983	152197.949	133910.7338	111101.8376
81117.17042	210583.5333	146827.675	117430.4905	129572.7271	154278.4942	228049.0459	155687.2174	178664.4226	190297.2024	140151.0001	151185.328	135840.7744	109596.3549
72433.26463	198068.5388	147447.1689	110942.5362	137926.7954	162588.0629	224730.8958	199845.0505	167110.2158	168267.1179	126204.9835	136679.1399	141040.4474	95088.29174
131002.6097	172890.6447	120134.1329	94641.52446	160345.9932	140537.5713	201250.0062	220809.3223	158689.6658	115566.3419	151214.7569	149500.9468	151931.2508	99281.23808
126877.5046	174226.0042	177730.6481	79689.75601	143643.9924	144202.2892	210264.5396	244810.3728	169009.393	154063.488	180749.7922	145169.8094	128123.0431	89871.34431
111533.3226	160020.8468	163456.9923	89198.58716	144393.9457	149486.0402	211674.4277	189666.3596	143822.1895	171316.957	170698.8382	166679.2789	107493.7705	120457.7558
99440.49727	193824.4403	187029.7224	85634.39415	144942.2757	134835.3644	195450.7022	213387.6904	181852.3602	173863.5572	156376.0374	166911.1385	120266.6292	119031.3651
111584.8203	170707.0973	164668.4342	103060.345	154243.6511	168840.9354	242204.1334	164160.4063	166544.1414	161615.5934	137512.1726	173324.9351	128401.4445	93247.05189
102715.4999	191841.8728	178780.3395	93922.78993	143673.8879	180650.7723	203885.2508	178029.5831	172329.5502	177732.7531	141574.9754	140926.5172	121367.6445	107444.8951
119200.6302	188217.2328	192911.9549	121928.2929	155655.2089	168456.8004	211805.182	179452.5246	153663.4582	117624.3295	191060.5623	149799.8289	161393.72	110077.8713
108246.217	169809.5194	167602.4971	95796.22772	144093.4279	147241.7988	208666.8472	215309.8749	169420.2459	150145.1018	182057.9599	106403.2836	112010.1457	101668.659
98540.82675	207659.1574	148323.1183	134758.0913	138881.013	123433.6696	178986.9819	224458.236	190387.1605	170847.3597	158263.1011	139103.1708	150049.8471	95739.19345
105282.8919	177697.0904	161552.9562	95399.07173	169443.9148	130302.8962	175829.2384	222434.6712	182053.4463	170865.7627	183510.1353	156890.4816	119842.0587	107534.0409
92306.45376	190850.9697	176041.0921	135516.1415	133344.9444	142549.7146	201705.9785	198233.0048	172646.8647	130620.221	146859.8086	144758.3833	104734.678	122049.0864
84445.01053	182867.8222	156655.5715	84213.04535	155548.3106	137901.5215	204289.9948	220603.308	137122.3332	151066.9803	162078.1667	129567.2959	120576.144	93738.79437
105111.1767	195420.7408	179663.2522	119022.598	144234.6121	147289.3894	212527.0331	221349.9239	155784.4195	135763.5169	161771.8186	162573.4653	166517.2904	109992.5567
90642.97199	197165.1203	183930.3234	90620.24464	136542.4188	155050.2682	183120.1955	275620.0325	165793.6278	199088.0295	156836.53	148719.5367	133223.0968	118674.6098
99938.1671	162774.6256	175798.9213	115172.7257	165473.6131	146251.9819	213105.7138	212750.5106	162715.1881	170573.683	168318.3986	145607.1946	113975.1002	113000.9935
86040.93371	215472.7735	131547.2442	76197.93268	160023.1979	115418.7061	180399.1301	167197.8107	158372.3831	145152.4558	159809.1464	159978.3718	125676.234	95518.86196
117017.2486	199166.0305	143877.9082	107680.0674	147578.8553	146449.0936	218726.4563	179664.3561	193529.4093	149959.4232	169253.7749	177211.2918	128563.9595	125992.5655
108634.9266	200679.7223	176830.1828	83750.71853	184938.8288	120662.07	200306.368	184243.5979	197178.0852	152570.5643	158219.3093	137400.4459	106676.7061	95911.59814
119789.9686	229322.8056	145855.8221	101982.6472	188604.7861	160134.6921	205108.5088	217788.904	178304.4307	181850.8338	142989.2867	144820.6384	127500.3718	108131.9066
79641.46844	197110.8754	151893.6804	85276.70057	136268.4715	122792.2767	200347.4071	203021.9497	141718.9747	139222.1384	148936.9471	163768.456	122130.445	106132.3566
91351.55327	179455.8017	179742.9715	88646.33732	163038.0419	112495.3016	224266.9815	163062.1315	168081.6535	101490.2681	163885.8229	160488.7311	140562.8542	114571.0389
108024.4487	201600.3847	142532.7747	89223.12338	151313.8575	114275.0881	166062.5204	226621.0095	187843.1543	165554.6853	144562.115	164417.2615	130327.9832	116015.44
93369.28478	199304.3528	212778.3603	87067.62217	153112.2134	172162.506	226718.8535	179289.1054	193090.156	141838.9051	139499.0365	199532.2152	129716.132	103201.7466
122406.4614	199458.3575	151669.1095	100279.508	171154.5575	148494.6512	194651.0662	209080.8079	172232.2558	153919.91	189157.9824	149612.6599	148830.7196	111542.6849
89813.84564	209350.4944	157547.742	113084.81	131020.9605	139257.6551	197758.9417	206342.7545	224287.6648	185227.7394	166619.2601	155322.4915	113344.5667	98632.61905
126747.1385	188286.925	147378.2721	104413.5963	153828.6125	147673.8098	210396.8758	193449.8569	162309.6527	159056.3591	154711.0605	158490.9359	107538.8254	107148.9817
100682.6128	181864.1139	177672.0974	122227.5728	161363.2053	151522.9489	177071.4421	220562.3974	195659.3587	159529.9518	200860.8268	145351.0356	155811.883	132287.8798
48209.3681	188753.7699	163195.031	106036.307	159491.5673	121696.5939	210158.9999	235490.7791	156875.893	154607.1436	191697.0196	164278.5272	138916.1901	79421.57092
95211.02497	175947.3608	161076.6384	100943.943	175531.1103	144513.6882	200671.5968	204230.015	166417.7912	141190.7504	148398.4567	137449.4346	139513.5865	130935.053
125781.8253	214943.3939	204660.8662	113158.2366	149290.469	170055.9797	204491.887	188585.0194	156490.2082	174457.7135	183254.7447	148576.6222	135941.4898	112882.1322
115214.9901	198343.0973	120694.8528	102827.981	140326.5642	155005.3129	193014.8816	207398.0799	241689.6122	146556.2158	154962.8158	154109.9504	132127.0145	111848.4416
101844.4099	194887.153	169940.0538	111001.5879	143025.6935	192804.6489	188162.6989	171697.6932	144490.8183	177150.9921	143691.8784	162738.13	100271.918	96728.44011
84649.18675	182452.3142	162897.2367	104604.2714	151465.0821	186916.2014	207809.1334	195365.5749	181984.057	151606.1945	172832.0269	165168.693	129793.26	109649.9274
84364.92937	185753.2595	149407.0109	92690.28967	156560.998	131614.4349	217920.6247	152496.5015	201314.7258	153954.8483	163934.9337	136540.6119	125172.3609	131530.6299
84287.77976	154651.7453	199837.8956	122250.3294	158827.2608	175862.0254	227268.9993	167826.9236	180249.6153	152814.4008	179015.8687	118212.9529	134690.642	91169.04285
72765.35115	200189.8557	150652.7664	90763.0838	141526.3424	147010.8264	188574.5694	217370.2673	171051.384	132229.7519	168851.5928	143999.1054	116127.723	107230.617
92075.7077	185663.995	172207.5694	82313.02854	138998.8786	108234.6252	200589.2409	227639.3994	183649.2822	179854.4324	172447.5172	164652.8819	146190.5423	122486.3538
79848.34001	201585.1165	156996.7563	109417.5971	131631.4374	132695.2282	190711.9993	199172.0951	163300.4675	144826.5476	174944.562	162299.3456	107162.1977	102744.9501
92563.18626	184440.8409	153465.7942	102341.9814	151799.3901	145936.5929	208482.5423	202126.9583	181389.0441	150221.3835	160353.7545	173209.4535	101140.0821	112260.266
102006.1612	208510.7717	168092.2289	99763.41039	136682.1278	154317.1988	203919.1123	217856.641	179144.7711	167731.5066	160668.0144	134247.4165	137065.9319	121198.2022
98049.43712	179321.7127	201294.1578	124565.4509	136884.5242	159048.9093	188541.2045	188920.2103	154630.5044	172629.5994	178347.5766	133532.1005	114041.8363	114417.6157
109204.9696	217631.0112	176167.8974	116351.1484	144417.5044	123579.5835	173517.1115	233501.5176	194998.2166	182619.3033	158399.3764	126939.949	110351.1343	121473.8951
50728.75127	191107.275	162066.1151	111236.7396	161309.8915	158942.8481	240877.968	186387.8008	180588.0335	162227.7036	157383.2739	139283.768	129329.4789	105629.6928
68107.45768	177064.4973	156839.6163	123971.1704	158207.4091	112420.9228	204063.5723	212421.3938	165502.851	176552.0314	184107.6391	148895.8393	115482.9683	95589.8059
128348.2438	166852.095	156898.7353	105910.132	150012.5364	153162.4025	233800.2617	212704.313	165403.9157	166163.4953	166919.7779	168280.8617	126278.4333	101360.9466
142274.4305	222492.2602	187991.2905	84932.12219	159481.1435	125160.2502	207214.5453	207048.9877	159040.7092	153236.7692	162945.0244	157169.7177	120473.292	87055.12562
96356.58953	192008.9568	156294.0351	109748.6436	136012.2043	149929.934	229782.6776	209504.576	192551.8014	144771.9017	183465.996	138833.8071	130057.357	107753.4224
101893.3311	222968.5643	199129.583	103876.8106	173036.8123	145982.9519	197476.8373	209150.7068	170028.1371	150185.7543	171455.4252	156552.9953	120415.3568	113089.2807
98782.72876	182815.293	164421.9728	122965.1119	169343.0914	174665.4524	219815.4015	210538.7844	185373.8064	162184.1558	194793.4882	164097.93	111973.2823	89662.66449
121975.4493	170753.0643	135402.7728	98562.31972	148607.7486	160505.3722	188771.022	192713.0566	169043.5789	175557.3779	149275.7933	123097.6929	144519.3884	76941.62406
90484.60517	154313.2817	202778.8429	115205.4433	160158.2643	146278.6696	169465.5865	216110.4225	157164.0467	148797.8244	155867.4952	151625.9953	107747.3131	112544.083
62969.53154	179064.6535	201602.1947	99783.36569	142663.4566	171341.1684	221640.6163	151777.3886	158553.8594	195764.7859	150161.5826	156699.7653	129742.7584	102128.2321
122933.7012	202282.0482	202848.7369	106521.2063	147791.6725	149382.8194	201285.6432	198190.7908	186770.9406	134273.391	128517.0742	179956.466	127892.4998	108069.05
92775.28106	212828.5572	166023.2268	80489.05861	178796.6838	175271.6307	198945.8997	189551.3444	176413.5445	153238.3423	164801.6706	145293.628	123464.5299	111456.5026
106557.3485	190886.6483	154588.8181	93201.12377	161037.7935	186343.6109	210725.2929	242476.3815	160867.0113	153241.9069	183378.9704	135209.8587	119253.4583	88312.43453
116928.0785	196530.1673	177202.8503	101509.5868	123138.5697	161911.5485	208750.0786	190526.2343	191570.3373	146558.5937	116963.3608	165124.9768	87865.38906	141040.307
95642.30387	198251.9126	171482.1173	98614.45515	166233.9011	127016.1272	212743.36	168966.2492	154651.3184	141835.6332	143703.2827	104846.2938	137150.1498	114344.6592
106597.1462	185794.2154	154777.3837	111055.7819	171782.1296	163242.5843	195536.6944	192068.949	162625.7902	170048.1965	151560.29	164781.0866	114915.7404	100939.9406
99044.50059	236423.5127	174883.0447	73468.36138	136828.2091	147013.0955	231768.3102	158350.2267	156553.2529	154040.9147	115266.006	167129.1693	151793.2489	107174.8941
82737.85979	188359.0874	160541.8384	85783.20775	132146.5757	129308.5203	204448.5966	191525.5002	179641.1526	175769.9681	164536.904	139392.9643	122187.276	93610.42186
94265.74416	187951.2815	177002.3436	99576.06296	161735.2971	166620.4187	208947.8064	152450.5332	164658.4548	172704.6848	159399.4348	162986.9402	138023.3417	116740.6335
129614.7752	213051.3286	138603.7564	94339.12859	175508.6117	170388.8486	207370.2813	195763.9673	151508.1298	210383.9288	153009.6	145144.2343	119281.7612	101000.8933
89820.22192	204210.1575	152946.2485	95756.77006	108952.0703	164817.9999	212817.5542	213905.5153	144531.9709	132581.6565	168063.7567	174503.503	147569.6902	103100.0673
85955.98607	159480.1644	184021.2433	122108.9224	157804.5254	163975.3517	202235.0791	195304.7885	140628.5065	144420.4016	123807.9682	124593.7577	106985.8912	100171.383
91120.43952	171934.8758	183994.2787	121489.4354	136399.6661	154307.1695	230325.6863	196464.3041	147857.3736	155328.8537	107595.0682	166590.7717	116761.9891	103222.7701
137380.4332	185893.5818	193355.4718	119908.2029	163699.8238	143132.6207	240748.447	179886.3697	154387.0944	182033.9759	150475.5089	173282.5165	124458.3698	91002.7621
109266.6299	177419.218	151699.7989	101799.7859	131561.9458	156991.895	201620.6143	218813.9532	214003.6918	151757.8525	153424.4546	163698.3708	148923.8718	95581.99079
117624.2003	154623.6625	157418.0217	92474.86028	146586.9237	118681.6801	174325.9009	192818.7672	176881.8121	136081.7201	150139.0646	148084.7397	114174.9033	104183.6009
84381.69936	153438.6043	153131.5927	92097.50292	156231.4301	125743.3111	207887.2819	184408.3529	200386.9523	160366.6828	165091.9439	146595.4586	135501.6925	137032.617
114467.3545	214981.0661	143711.88	112503.6604	125840.6209	136757.6289	212279.607	180293.3579	220315.0116	145462.5501	161069.7921	97019.48685	144177.3912	118401.2841
63956.64142	141101.7439	208590.5554	111481.6431	154777.987	133274.558	191506.1135	185733.7371	220156.657	162193.2569	155467.1511	152576.2224	108906.3853	105153.8154
145298.6278	196369.9899	140861.4835	97528.48875	153129.6629	162716.5783	227060.2419	185959.3557	189444.5054	183704.0957	164287.6994	148444.6171	147806.1232	117460.6886
83360.7343	193120.6323	149473.3648	96801.96056	170810.8952	158025.4922	222653.9707	204432.238	180747.5035	183169.4133	162504.1846	166895.4975	122381.8693	119391.7867
109533.2192	168485.7518	158070.3407	84876.77596	151535.4592	126238.2538	189865.4302	226331.7923	160854.0051	172827.9368	150360.362	152682.828	141649.7636	108200.6866
88203.3166	207337.8349	144525.1257	102940.9228	179937.9021	139511.6775	219716.7499	173516.1753	165579.2377	162240.971	199805.0095	158383.3013	123825.1728	87964.50993
100757.2503	195551.172	187147.7846	108558.238	125522.1922	121043.0544	200493.5245	199853.5594	127682.2608	147884.5045	184455.4732	159540.5393	128409.88	119558.5237
46523.65887	165157.2447	183170.8403	85543.88571	165902.1794	167153.2268	214383.1133	231647.1214	198129.0983	114481.2291	159724.3638	147038.7377	151433.7756	115705.905
140417.9383	216802.6512	175052.5804	105272.0083	130658.9606	128466.8118	183076.2066	191572.7938	161515.9108	150743.9459	171344.3323	159523.1101	157792.8543	96879.1422
81217.12302	187806.9184	175757.9192	99221.05412	133008.2096	141305.1936	200333.986	198242.9516	166503.6565	109311.3087	181442.4835	137071.7124	102434.1672	109464.0735
118958.4376	210549.5007	179398.8073	86781.27141	174194.2401	151854.978	232345.5153	187407.4824	161597.3567	167353.1038	149666.3769	163564.9894	134595.5168	115606.7211
105419.1757	160709.4341	151316.7009	85862.02067	144711.6648	164300.9759	224043.7383	195658.3522	160546.2693	161803.0186	152396.892	147899.6428	117509.9442	124627.2162
85684.28816	199838.1713	158854.5995	111933.3945	163608.7285	145857.6407	213964.4539	180194.9408	193435.7505	142994.0337	141922.3347	157919.7923	136887.9913	119726.1585
54078.49684	170886.712	165704.8837	80214.18517	177733.2286	127729.578	174484.4011	204048.5281	147799.239	144088.3149	197776.307	184352.1226	149532.385	91727.30555
102620.8386	156779.2929	183660.8495	79239.61314	155789.0766	126063.7356	185315.7665	177698.258	168620.2272	169674.6678	152537.9496	144506.0866	133233.6647	106204.3098
110141.2529	181956.9983	150798.8254	84765.44688	142337.9285	177055.1114	193214.0493	209334.8316	157243.9746	129775.3328	168694.8559	168264.834	154623.9645	135016.6704
78648.88199	204802.4035	173099.8011	98863.52752	136855.2702	203305.8417	198597.7308	221204.1678	187930.8978	166191.6792	143769.8607	158564.851	135579.9975	111777.4014
113706.7947	197740.1922	178082.5123	86188.02258	178611.2231	158953.8085	202645.0224	221711.804	201675.7764	157386.9708	129729.7066	126864.6844	170342.1736	73330.11766
93887.52929	162503.1785	143255.7725	113560.2201	136806.9796	149508.2111	193142.6127	199583.5578	207576.9974	149616.554	163874.7184	163227.7849	135976.0105	145557.7202
96525.36222	202058.6689	158920.4463	91692.92736	142561.0464	132960.4846	172786.2348	180183.3544	130848.2497	167035.7688	174472.642	163360.7195	142051.7334	116801.9386
78364.63772	195399.3453	167735.2449	104231.8094	178260.1518	131978.6572	193074.7452	210793.0982	199095.2116	135741.8651	135671.8546	205006.2162	141396.733	108706.4396
93267.28535	211572.9373	181204.5612	87512.27813	177033.4351	148851.8249	202823.8339	209933.6272	148626.4278	165970.9874	155372.7487	147623.8401	155939.12	115225.008
102473.35	224368.1508	159533.976	122692.3426	174307.6333	135690.1949	188233.3062	170838.4549	184079.842	143528.0457	176945.5659	147568.811	126019.6555	107807.1141
143159.548	207454.6668	163426.8594	97994.60156	134227.6658	138317.7561	186485.6792	191213.3841	173015.9164	165018.6027	146597.8047	112539.5079	94854.41744	108112.727
66190.34949	219411.0193	169853.0351	89868.93604	154858.8267	136426.3277	219475.6866	141617.4173	173032.3308	142727.7686	153655.3387	170685.7659	165901.5273	95437.86002
86896.04439	182687.1209	180895.6112	102313.3259	167813.0386	166280.5773	228408.7001	160777.1171	211244.541	164954.6613	149328.0706	123940.683	118660.1552	132459.6707
117463.2763	203561.759	185761.4779	120181.3984	149150.7273	125380.9189	163793.0795	203047.6784	146310.6895	163739.4994	188999.3722	133608.1733	132342.4513	102792.859
93374.1765	230632.1098	131803.297	78934.70716	120582.3835	168588.3998	208937.8618	213436.3317	170226.9672	187186.9872	180112.4413	170330.2441	148152.1552	119889.9451
104464.235	211551.3448	159965.6973	79428.82319	178317.2592	138127.8989	222083.9831	220133.2593	190487.6565	161758.6467	172499.6744	185096.3348	112721.282	120958.8721
72781.00769	169828.9901	189134.2785	102475.8794	148517.0752	113405.7517	231303.8344	180426.1993	164182.1721	159932.7381	144648.523	143717.6034	159993.0065	133925.8836
123274.6462	192023.4042	183653.4176	112486.5682	162924.5578	145035.7387	180050.3351	194570.3524	172697.9912	141170.2748	177409.3641	163387.6085	126698.8129	80368.49186
67207.98979	191083.7029	147704.394	106371.5919	119307.6855	138140.9279	233568.3699	168154.5313	188896.0789	157072.8964	174805.7651	143385.5544	156807.0079	111285.2236
104173.0447	207932.4501	153607.2139	98921.5474	147529.9445	140349.8679	179753.7113	170199.2363	184968.3042	164990.9399	167312.8175	121782.7607	120920.4054	91690.12524
89058.78808	187718.5167	174677.7441	99342.9775	137785.4782	150448.317	211006.2594	198859.5372	193671.9263	147535.9501	140155.8768	167538.9119	138784.4586	72376.28402
84068.67859	165456.9567	181358.3364	98795.07974	148793.1965	126084.8477	198797.2191	167324.2513	171814.4545	150488.2328	163732.7958	166115.2178	139730.6737	129239.4771
114610.5719	194531.4284	195733.3552	96270.34649	173643.942	155079.7465	200894.3155	195420.3661	171100.6766	143102.0141	153687.4872	154231.0579	115723.0295	112701.6841
107937.9972	213603.3376	174175.1689	92909.69126	141544.0844	181104.2845	177695.2215	144416.9721	195062.2726	149695.3831	143318.1335	159675.5737	136443.8629	118971.6785
124260.4448	161116.8361	158064.7851	116807.623	117515.7145	126023.5239	201081.4069	204182.8641	207192.2683	162793.0411	191272.3981	180448.4122	133580.4711	119834.6579
114553.4714	189124.9713	159087.0173	93797.80291	148103.1816	187522.1339	227232.0818	157219.9073	208064.7471	160653.4804	175081.2628	147428.1585	98325.08453	128271.9578
115654.1882	173662.6796	153838.9563	113000.1907	174584.0818	173730.9415	206503.5069	214274.949	158963.5394	138904.0581	181035.7993	163031.1766	127144.6121	143053.4145
104111.6503	223014.7193	189597.8703	121566.2581	122506.162	158997.6011	195140.9021	207931.1891	176853.0907	145685.5831	172848.1902	132561.7645	99670.34946	79815.6265
112251.6532	177772.2795	178642.9443	105943.4176	138483.7445	152017.8799	185333.4116	177657.966	184852.1358	180400.2927	139431.6764	139664.4554	125237.8541	105318.0513
125267.0903	175209.7467	169090.0007	124619.7244	168062.718	130040.8433	179653.8531	232457.3994	183142.4292	138512.0968	177640.6032	174974.8337	146972.08	98117.82867
75851.94779	197161.4375	180414.8116	106988.42	153275.927	151573.6664	240655.5673	192743.1398	162861.5847	161092.5512	159301.0718	163789.5582	143569.5017	124998.3655
135038.8465	202976.7491	182951.5958	98901.07613	174866.2187	148963.9739	182533.941	201766.6027	170143.4004	125666.335	187290.3235	171304.4316	129137.9471	104159.8093
86284.12437	165687.8452	164037.1512	109219.7525	163436.9393	152685.7481	204080.3472	184529.7443	174518.8514	163307.9098	137322.0933	149384.8171	134537.1515	102821.8844
76346.63213	209237.0799	137708.2315	92007.99551	142283.6547	168461.656	253363.5154	205916.7352	174495.5095	157615.8231	167199.1143	135904.8525	129946.0184	99587.56602
93999.32789	171193.253	161172.1583	94100.56976	130735.07	134818.7336	203145.0984	204387.2135	198119.9807	151848.8262	140204.3231	185477.6561	121400.9291	97962.28079
106414.0364	182470.4183	172615.1864	110098.3644	136698.5474	124382.9002	203901.0715	201436.8045	144183.6576	157186.1405	136019.0532	124162.4107	109040.7756	101646.8572
102384.8368	190777.5852	170247.4815	110154.9097	135655.8673	165208.9094	228729.8321	211215.9554	181907.6507	160808.5597	175758.5432	133610.1988	100042.3284	102319.4077
128587.8143	156172.3863	184220.1869	105864.326	144837.2333	172566.2648	221953.4228	183499.9941	171861.4414	156725.0938	183496.1808	155586.3314	152310.3458	111538.2264
96595.85549	183487.262	182052.1836	105012.1421	169574.2014	147818.8147	227161.7313	181079.6823	181622.8758	162343.0963	152712.5943	139306.4549	149263.568	122115.9029
91611.13962	228839.9263	167618.014	106973.4394	162064.5295	144567.5876	220557.3223	177793.6751	163181.8596	159356.0844	148296.7401	165441.2776	108268.8295	116530.7503
106320.9129	203933.3891	179103.6293	121541.3893	156331.4697	156952.3571	198123.8163	179304.8964	157254.0842	176602.2342	170711.202	154203.5025	127192.1274	116913.051
111934.1883	197163.4853	173813.1725	77486.78573	150249.2182	165055.882	202229.0649	171689.0985	128870.933	122048.0638	166890.8639	148161.5092	147144.3332	94176.50482
76492.23149	188098.7081	185608.19	85140.23465	116810.9535	142415.4017	204336.0371	199350.0843	145936.3513	173485.7755	133581.4877	151658.1152	138457.9003	91578.04602
105470.3818	196962.4805	154038.0691	95706.98889	144977.7296	143817.4774	198545.5517	157983.2071	197607.8304	148539.3282	108335.6354	169746.1308	134156.3792	92211.31675
78669.0009	205330.5927	145667.3493	101105.8202	180239.3117	162997.661	149491.7263	193009.054	206543.6593	169471.9621	165391.4947	151472.3102	123334.2897	127592.787
82807.9244	150790.729	164082.9901	130791.4152	146897.577	160667.2321	209328.0121	211082.1833	184559.4189	184424.657	189845.9349	128738.2447	144733.4826	117886.2929
94142.55095	200146.3706	151709.4309	94620.6144	131628.815	140869.0651	221687.4306	234087.4685	128409.7232	182064.0788	191784.9521	136514.3723	120425.3809	116632.7578
98559.26316	186223.3008	174917.9583	108220.2753	123203.3937	130102.5323	186422.093	197596.4763	220682.2679	163254.3043	142860.0839	152764.1001	103385.5403	82365.85889
90686.27839	217969.2329	189500.9992	93016.54678	142729.7185	135182.1032	192212.8552	187992.0041	178868.6675	153653.0285	171627.6002	172875.1062	149944.0254	105887.6224
99603.08063	205099.4036	141412.2335	148520.997	149831.5964	128797.8479	185934.0203	216821.8723	159294.9581	150439.5261	186297.3521	132578.7745	125127.8499	82065.10215
116440.0689	192509.7824	161705.967	78846.68782	123599.782	154729.2535	172053.3776	173799.857	188311.9905	149399.9124	144814.8451	142306.8511	133417.1466	84252.964
96420.10724	182457.2632	169876.4756	89685.36546	129516.3899	163271.5476	208289.3274	221912.7811	167422.7659	178105.5702	157738.8568	144256.016	144440.0443	107193.3806
70066.64322	189458.1048	135352.9226	99771.98986	154035.8899	170340.3506	167724.5278	170434.0034	193697.6007	129874.1354	150409.6189	112675.4683	140523.7655	109148.1816
96024.60691	166915.2018	153717.8891	81054.93316	163556.217	139468.5328	222867.6939	212828.5547	152791.6658	164945.2438	173480.4025	182067.8377	117886.6683	101083.9147
64786.17653	180080.1168	138183.1387	124865.9611	147044.6013	129563.1854	167701.1043	186200.6083	180070.4038	192033.7449	170669.8506	120317.8445	122654.8926	115419.2159
102533.5489	168551.2498	155576.0285	69205.66761	145480.5064	140015.3287	218565.3963	205215.3188	158534.7687	138248.7668	177547.9569	143349.5542	131553.0956	107468.5528
73602.31705	182939.9219	168004.613	84823.9024	157516.9843	143971.3722	195922.6066	205861.9533	162691.6965	118180.5418	142296.6207	174026.8059	113353.2688	130012.7909
74903.96898	211084.5534	152189.0325	87360.47482	143064.7379	160164.431	169636.2118	203162.7501	201262.5559	137283.5847	175227.9867	139546.8632	119704.5746	115537.4963
84010.02215	189379.8416	160136.0709	95739.65389	141339.4437	123647.9966	212047.9592	180320.144	228510.997	152054.8868	149210.0749	170662.8349	135101.5019	118575.7548
131512.8781	198781.151	174743.8699	105437.1722	143590.4831	164602.2676	209232.8709	179594.9999	179362.1675	169135.5027	202320.8028	129487.2579	171032.8003	123552.3213
115547.9464	191043.4014	123578.4095	84252.37765	143720.4931	144224.5217	183679.5569	227934.1559	186239.9274	188395.0241	161900.4055	128006.1316	126125.7389	103845.3031
129445.7187	209570.6237	138012.1612	123031.4879	139167.589	131912.8142	164719.3098	202052.6517	164119.4175	171840.9128	170728.6291	161536.9647	147504.612	102602.7653
70085.85017	155651.7439	159871.2621	141737.289	127667.2035	155166.4018	232842.2925	212283.4106	123741.5524	134251.0876	164199.1724	136395.063	118716.3226	105896.8449
93705.80126	175358.6846	186223.5241	96564.40493	145810.274	152558.2687	185618.0384	223024.7265	144317.8645	167077.8843	190658.2378	169172.4824	122402.2234	125735.5567
84614.05323	201047.9581	155521.177	98719.37345	151558.4465	119376.0673	175980.4363	193432.0458	149175.1584	181505.1173	155981.6368	175305.3793	103997.8768	105158.8058
93755.13918	210516.6214	175130.3063	85364.14579	192390.3576	142684.0109	197248.8478	193565.847	162523.9641	162382.6642	149674.4625	142546.4218	132463.93	111966.4184
108763.3045	201131.8103	169630.7093	119644.7519	128970.928	135544.4112	197774.4071	167950.1631	132828.9357	148802.0243	160548.763	136065.6925	112398.4258	108676.6111
99557.246	169580.0431	178461.2619	106945.0225	155760.9399	155080.6723	189202.456	171557.1416	174142.9871	161637.1177	154181.546	109090.4578	152621.8453	117753.4023
61370.35396	195811.5558	146710.7985	120620.5474	180174.3074	116443.3641	208888.6708	168696.902	156323.5506	108813.231	150702.035	156499.0674	144821.5277	118187.5115
113016.4196	227884.5244	152042.9194	125666.0163	149592.7836	146953.3668	213969.8767	155425.44	111679.0265	179886.3966	153661.4636	142885.9685	160060.9168	112932.8387
114453.2378	226294.16	172125.3255	93939.68852	145533.701	144534.8181	190894.4692	192432.0306	187678.0922	159373.4181	160796.1051	135268.6473	145216.427	101699.394
86441.63114	186382.7883	134018.7388	95842.50346	144855.707	109671.322	176557.4922	181221.8998	185641.8651	168154.1513	164726.8341	164476.8969	105080.859	115634.1898
104344.4811	174956.635	174849.2899	102569.9567	164977.5911	198035.2272	228356.8224	199020.8075	159661.7645	169623.0669	174471.0947	126954.6006	102682.6984	102521.9247
68383.81362	185283.0559	187910.7073	92276.15031	138329.2247	99026.84035	182805.0359	196282.7345	154008.8182	159470.2688	153359.387	170201.6606	102108.9954	104301.2055
104954.9072	181540.1894	158318.0576	120123.604	184286.3572	148814.2373	216528.0614	164390.1645	190996.8171	179466.788	187712.7545	133740.1577	116821.2653	141276.5835
108932.9649	191363.1153	178869.7729	83703.39601	142598.6792	126642.1105	200043.1315	182403.382	197862.2852	138827.6154	138128.301	161685.1834	113546.3579	112858.3888
98566.10367	155990.573	180119.6746	93988.61612	169963.7076	145109.0235	224169.2232	175700.4577	153820.8311	151723.2131	177952.4514	184018.5305	138272.276	131769.6529
106823.5806	190717.9496	165856.0908	88689.5625	145342.3568	145200.6079	199376.2358	181281.0701	159129.5592	183859.8109	177040.2311	158955.1027	142224.2054	99905.45524
102261.9162	199613.6382	152591.3628	109775.5289	149063.3571	158637.5802	195568.9342	185906.1899	190969.8506	171022.509	162063.8962	158649.7856	124164.2539	118167.6944
121931.995	159120.9196	181587.8982	97998.849	132189.3823	133625.3251	192640.5726	238131.8567	181915.8648	158626.2748	135472.8521	128049.1753	128237.913	99903.38069
89440.04436	174441.6506	185613.8183	96396.27588	125096.3579	148195.5049	183817.5885	215192.3757	170924.6645	147919.487	186381.4022	150799.1483	122263.373	100100.7458
118756.0166	199366.6776	176762.2637	107980.4444	144157.681	144711.1146	239516.7298	186858.9528	224619.5748	170262.7686	167654.9543	157975.8118	136767.5856	106111.4419
98897.61457	170486.9583	166518.2782	104114.6638	147244.2603	123524.5366	182552.5646	183859.2448	206541.4489	163469.6908	178023.4828	157799.0774	140551.9221	130747.8888
88756.99287	189416.4126	151236.2097	119924.9916	121652.582	142449.9538	171616.189	231751.0836	141440.633	192352.5443	175019.4404	157426.7698	134209.5116	124741.4312
65871.75713	202957.1972	167616.0672	95503.45652	153752.8481	104742.1353	197041.8988	211738.9639	198323.9772	178028.4286	160424.572	124001.3006	142998.1101	107227.9897
78252.31741	185476.434	156952.7305	90472.92287	138972.3353	181185.6476	203181.7001	172320.3489	161720.8983	160609.1978	137068.1957	174449.6323	145914.7087	98672.58181
110484.4301	192358.2285	124095.1962	110608.2323	124174.4382	133983.6882	171573.5408	167905.4041	158462.3622	158848.5802	149298.1541	140385.2563	134706.7122	96590.74366
61757.03354	169029.2628	142887.8771	98308.62819	125994.7487	181356.0816	184258.4126	187990.662	176969.8785	164415.0164	162542.5352	115110.6943	148966.5514	105696.6918
88183.59961	194192.828	173513.2023	111925.6027	175703.3485	152544.5814	176348.743	196275.6812	204930.7791	172768.767	133544.4074	160647.6895	95609.2017	133260.2753
96225.59983	183276.1016	186774.4863	107371.9198	167670.3128	137519.1363	184493.3304	206657.824	132280.1549	170057.8358	156762.5791	133806.6302	131609.2125	125327.7207
109429.4332	160239.8932	185410.0776	123160.6747	165573.1171	148551.0926	226622.8522	215619.0493	167710.8632	125108.3224	154113.1733	171460.8067	121112.2582	144999.4911
108660.8802	179129.2879	200784.5783	104730.2283	177693.66	125549.9305	222872.8792	201873.2689	149458.3695	147371.7941	126417.2571	150672.4638	94462.46394	119290.8821
108675.4176	189143.2355	165859.1071	91299.60712	125392.2683	139170.5332	206403.4545	176643.9663	179959.5157	146322.4772	161192.5765	185646.8227	130116.1597	112902.8822
64429.93723	167621.4267	166328.9288	108505.1753	163100.7119	160622.3879	214086.0361	202608.6692	211569.7402	160305.673	171457.0915	166281.9292	98224.80364	117859.9948
106587.0787	203613.5272	176269.0969	85963.18188	129788.3172	156189.351	211291.5051	195220.2837	183462.4089	142293.6809	181032.8735	121487.9911	101826.1628	120302.912
100000.2705	233316.5715	172204.7699	96371.69572	165092.0455	148828.0337	177766.9066	203031.7044	195175.4372	179939.0667	129922.3615	138621.6983	141158.2337	131048.9638
136001.2349	198838.5613	207140.7142	85411.22635	149544.9703	116622.6612	177535.4783	183759.3161	213400.1446	175023.9025	158984.578	121286.6049	127171.0687	95301.08456
98898.19041	178534.3312	189328.212	93439.09016	163718.0362	180986.1926	189563.5321	207040.9394	146660.4278	114498.5817	131860.1848	125127.0265	115058.999	120884.6596
98585.40885	228062.2286	182195.9398	96391.87108	146740.224	157510.6794	202732.0681	214761.8772	171186.5403	177367.2689	204930.3893	134802.4215	118598.2851	77861.99072
115414.2073	176358.171	168053.9077	110789.1506	129147.9827	169936.4444	164770.825	182465.1772	192190.6488	158137.8717	159124.5009	147443.9768	119515.5646	116135.7216
118073.2259	180370.885	165900.2959	113063.0885	142529.922	169549.5116	188557.2927	206399.51	152352.8632	147667.8096	158002.3505	131420.6174	115979.6171	114302.5976
69928.52815	198025.8703	188581.1286	110510.7445	148209.7598	136293.176	185072.8101	198573.8007	181991.9438	160721.8842	156713.4339	148518.8971	120230.6452	87219.20368
76348.36838	184008.2777	172695.3583	106719.8132	142607.2917	147537.3794	193039.3119	170299.8536	125550.4395	142529.817	163400.7959	141232.4198	132646.4102	118811.1588
101190.1207	205088.5478	152089.8762	111739.8837	164489.4089	147653.5099	258800.9658	200720.4065	155727.1741	145701.0928	151153.6456	159071.1029	129002.025	101080.5826
113756.668	210970.6141	179645.0284	91729.88943	156320.2448	141909.8668	190646.9333	176445.0227	157657.9461	177577.5407	164706.5849	166937.6925	114905.5502	126846.7117
107765.052	162564.095	181803.1485	84328.81481	159023.1846	148271.6521	222080.5576	200777.6484	155672.2558	132863.0758	162260.5361	131510.737	136645.6591	115265.4214
75818.78881	194549.0474	159183.1744	111708.7523	125488.0284	144337.5007	224000.114	210686.3076	157989.5488	162931.5128	172082.0461	157925.5186	147961.0311	90272.31321
80396.4921	214565.5442	180603.2698	79423.51093	132442.9638	130403.5488	170164.8187	199215.6616	225798.0326	181179.8528	154243.1248	154006.0193	126797.5739	107943.1501
108269.3046	166323.0029	137986.9596	76648.69712	160291.9515	169490.9437	214572.679	197087.7317	152429.8461	150489.3834	154138.6853	124705.4921	140456.9051	100997.8954
116174.6873	208317.4164	160301.1327	102614.4126	156352.1198	122620.4596	223428.5773	213463.2603	152937.6961	162392.3335	160288.4194	167497.4255	138418.1877	89220.24508
123577.6587	186288.5267	161224.5141	96692.2571	125632.7228	162309.1201	222776.4004	172468.6568	152246.7038	150831.4347	153156.3438	125400.2732	134490.7856	99899.65507
105810.8546	198282.0295	158067.1663	104095.6514	160494.937	148728.6638	201732.5233	178921.1401	199920.0628	181206.0858	170837.6894	158652.6928	139348.1541	121371.1541
109342.7144	189771.0688	163547.2104	92504.71657	164339.85	117507.208	224761.5406	170294.4638	140429.1619	179920.8272	166649.6205	131315.5141	115246.2663	102898.941
107017.8672	196160.2848	200550.4978	90710.20624	163702.306	199757.8503	231537.8227	202022.8161	170895.6762	152398.7832	187155.5987	162309.5849	120258.4595	108010.7679
103512.3665	170691.7486	155986.6305	128797.2956	167439.1135	168758.6191	210912.3003	210702.5577	176511.0352	166108.6361	146916.612	111600.4761	122606.0741	79091.67146
117166.3656	171958.4989	184353.3196	98959.45219	159787.5332	141732.7388	199899.5143	197528.0346	155800.6482	156632.4285	167020.3364	126276.6768	143764.2168	98184.12017
136390.8974	178801.3437	142668.3779	80193.33824	148891.687	148684.4649	211410.7229	178477.0885	184789.7829	140795.5171	173441.3481	147737.7252	119027.5568	90244.00047
76245.93962	197157.1965	167702.1809	103270.5613	132387.74	176468.18	181895.5242	177762.2016	180315.2629	159267.75	163086.0592	185447.3424	118715.8671	134346.8203
94897.68133	198223.2771	166184.9729	94177.93766	169005.2902	153541.1792	218050.8755	154283.122	182836.8858	159669.1947	152160.6491	158133.9478	119357.0949	126458.4027
68123.62446	186817.5589	161759.9339	139116.1123	142436.1011	129335.8868	243029.688	192226.7842	188034.3064	170132.8642	162106.8685	117525.533	105303.2526	102856.3746
104578.7469	194522.9918	154173.3292	109471.6686	156643.556	157492.6478	160694.3434	190843.7961	159804.2868	139683.959	157223.4715	186283.2795	130936.0593	106009.7529
121188.5684	203926.8744	149030.2836	86153.96301	140009.3054	162223.7897	185123.8126	187322.2804	194009.0922	161704.7442	177217.5053	189524.1196	142125.7248	121361.5867
62908.69673	200793.0373	157282.1955	90158.92125	143210.164	161558.4739	210885.8107	161812.549	179283.1848	167126.5279	183417.5993	145958.4929	134210.9017	118561.9825
95653.53015	197206.2914	169139.2312	126557.7391	161267.8609	127248.775	192786.149	189985.1383	143597.1488	160619.3765	143693.7148	171241.4679	114546.206	82504.10347
102174.7855	208317.4628	153346.8567	90529.68215	181635.8993	153644.653	169701.7147	206296.6197	180535.238	157257.7247	149323.6255	155514.0837	128645.0987	108800.7753
111998.1258	192612.2353	190202.6457	89321.96762	147945.4197	198325.9298	223532.7904	144545.187	183834.2362	167163.2078	183298.6161	147468.7587	113489.2069	123762.9521
112114.5823	209022.3222	184854.0984	92349.86779	157956.6784	132772.157	182643.9519	206896.2499	177483.1949	158266.7291	144248.1958	150564.7091	121972.0692	136872.4062
90058.62698	214642.4187	133206.8798	92150.89784	124612.3996	161309.4711	221017.946	188144.1568	167032.9437	153039.687	162748.4627	153753.9386	125208.8946	118818.9215
109728.9209	198268.8866	177794.7345	114810.863	139581.0983	157429.127	215053.5127	230391.1006	145932.0231	163901.4632	155127.726	135612.0789	152729.3836	117384.5831
117864.6136	201366.1567	158793.2409	124363.6891	137026.0096	140897.1436	197295.6695	187988.5522	171112.1417	156086.619	163878.9763	142028.3535	169898.8437	82455.76251
115097.4818	183868.0292	184760.5074	113950.094	148030.3078	150371.239	199887.311	216089.0776	173496.7694	174970.8962	196136.9307	156639.0904	126259.1138	107083.1092
95421.73844	180379.4633	171392.0071	94084.46795	141468.9523	144512.8434	163837.267	186754.6913	172223.0863	162876.6566	171921.9554	145625.3303	116101.0711	87545.17039
101809.1488	195416.5274	182687.4835	93278.50773	156263.9161	164591.2062	214130.8318	179943.7175	166258.9269	166432.1246	159978.1234	155429.4276	127106.4607	106148.2671
106203.2973	225878.8447	119202.416	93098.78817	160938.6256	141221.0577	187649.5061	202697.4824	175599.4373	148554.3362	186946.5552	164020.2207	153830.9017	125274.8874
97118.76625	180872.9755	168199.1284	118544.7537	138100.1621	138821.0942	195686.3315	215451.7917	146292.5616	190532.8037	161323.6699	158085.5306	123776.0692	100027.9645
113266.436	178287.0629	174184.7805	113702.1955	157872.8071	121102.3159	194505.6559	231777.8285	193731.1461	164187.518	166024.9689	167392.0755	148671.626	125328.9321
122403.6242	187323.6677	138717.823	108126.7676	144642.0153	150988.5832	163656.3166	198285.9952	153734.364	164283.3553	174057.4504	172739.7221	103790.6945	101178.0408
91564.39308	215905.7072	184325.633	96053.61919	152924.0661	130674.9757	220168.2598	183184.0715	157096.6012	145011.4311	172733.3354	162561.1845	127437.5545	97047.88129
64686.32166	171295.4408	158791.4948	78767.9279	136560.0507	170712.3168	235522.6407	217011.4672	134479.3802	168451.6774	159401.6852	155639.5024	108522.3932	116889.9181
136716.7056	199548.727	182824.3175	113182.9678	155726.3255	155768.2518	172799.4765	207386.8104	168714.0787	159622.4781	183306.9974	149824.9487	133857.8331	125732.7918
101939.2757	166506.641	165099.0459	104603.1503	144275.6969	171724.8457	188750.929	181516.9374	183950.0554	172339.9311	165088.8314	139787.5234	112608.36	103986.6719
116239.2919	212246.6029	124671.4384	75941.49197	145590.0804	150812.3493	209546.5312	177818.0186	156345.7594	163208.1305	159388.5078	145184.9379	101306.0209	79495.63054
85606.58844	214948.3372	158987.87	114293.2139	147929.8596	150546.7828	229127.1926	247579.0456	201081.9762	157398.2892	144517.8953	150321.7684	127300.3335	114408.8444
70613.77524	160222.8092	148869.8601	82958.47286	141042.0636	170309.3016	188461.2164	196167.5994	144961.9984	128817.1727	138768.529	171857.196	132946.7593	142785.5625
108356.2008	204786.2273	134871.4297	100933.5548	146954.6309	146365.9746	182387.3104	220519.1221	142611.5289	176240.8986	153812.5032	145169.3338	125944.8639	116647.8942
99580.45323	231598.138	146353.5121	101817.7837	165062.829	155845.1574	170706.0812	192458.3399	191445.2358	153846.5582	157115.5572	188420.5905	126003.6445	131346.6833
63536.73716	201553.5867	198879.1811	102190.1932	142445.2673	141761.855	195561.2538	160927.9971	178430.0854	171145.3482	175751.5243	143724.7921	148062.1531	102423.6018
110893.8715	199001.2576	144217.7143	107402.2872	184498.4273	184860.2477	168255.8651	197527.4797	200651.8984	145310.3675	155473.0676	138735.0663	134358.5861	120292.8193
139044.5375	203317.9803	156255.0423	81717.34841	127141.3393	167330.5102	180167.3675	187863.7911	169820.0665	188458.173	144726.0053	160774.9125	123625.7439	104178.3233
74790.27707	194787.8472	173845.2225	102761.3353	134269.2732	134852.7814	221508.5904	197798.1578	170586.8133	154294.831	157701.5249	139030.6092	127923.6017	108336.0921
141540.4299	197624.6509	198226.5309	115231.3965	144574.6458	158135.1733	208725.408	175821.812	152840.5088	138546.3185	131174.8547	143901.5928	134789.6714	95153.66931
94631.48597	194858.1336	157914.4445	111583.6713	156948.0732	124221.4518	217996.4806	197818.9601	175945.7402	160195.5204	145362.499	141055.5466	131449.5086	113333.4541
84596.19603	160838.5907	199829.7747	105434.8319	159664.7078	162581.9797	227137.4316	231582.1328	171740.262	197957.6088	166747.6583	175343.6823	126388.541	115036.9499
112362.7244	160935.769	177435.5345	118715.6577	157137.166	149116.5284	210746.4232	195282.0224	169638.1221	169347.975	144882.8346	135956.2676	121666.9262	119897.422
126855.4376	250848.8	181958.3808	122961.1543	147715.5865	140223.9539	227086.2868	209832.4477	135451.973	201863.4137	175166.0027	140622.8947	128804.5684	107299.5841
106910.8139	195600.2499	160499.8932	119756.8017	142602.5615	158341.664	168342.8236	198013.4365	205991.346	151447.3203	147974.518	179899.345	121281.1435	113363.948
109774.2538	217839.9789	168564.6404	87325.29468	185600.2929	131226.998	198019.2633	188527.3652	144328.6743	186047.3984	176469.8892	119264.7918	129069.2493	84969.07688
94047.41116	182425.3539	157421.3683	120621.577	154802.2458	121007.339	185525.8843	200136.8418	138074.255	161728.0134	159861.6885	108320.3312	125974.4272	114539.1245
97098.25962	182194.9883	151382.4374	102727.6028	163693.2676	152185.5089	180089.9932	182031.7073	173961.6572	166698.8294	166934.7209	144958.9343	123359.5688	84950.77974
90565.95418	180259.1281	187672.3622	73904.61507	148849.3146	124419.6262	183078.7457	221945.5852	182077.3456	163838.8849	163532.462	189750.7335	132838.1507	102455.1113
86918.08041	215288.4751	189814.0339	101350.3035	132964.824	168655.0412	176973.4029	194786.9756	161685.4762	169673.7664	150866.0485	159054.2922	145173.1228	103755.5043
123063.5721	175305.5334	157838.6587	96919.14751	144898.0649	162115.3996	196762.4051	213535.0151	206737.8582	152558.1639	198459.8314	164783.5025	148389.6058	126714.2171
107789.776	183897.9327	174360.1296	87475.96173	145151.7207	137184.0077	200282.3591	163332.268	207971.6655	189945.1565	138645.133	147770.8773	110322.0818	103473.7695
88794.95004	168985.1698	177105.8055	111289.2181	143831.3835	146624.3969	192213.3592	168726.1091	191532.8867	158384.1733	152429.7102	135524.5832	96516.68542	132467.1063
90924.36367	174885.1878	160824.0333	89572.56592	165565.0354	156482.5306	195066.3195	214907.6911	140906.197	133397.0612	140786.534	151180.2031	98299.31784	110546.6838
134646.2092	191996.0928	168602.3995	87600.92707	176790.4389	147468.6859	204406.3989	220961.3053	178851.7802	172578.228	175716.0383	177152.3497	141886.4274	125861.8186
85669.5128	159756.0143	156183.4153	92905.82072	148155.1125	167774.6241	179974.745	230626.1753	182529.1635	149448.0006	177536.9535	131600.4857	135663.6421	116015.6202
86446.52451	168450.1234	161815.7005	88597.20627	158486.7164	180129.3742	180585.6733	204757.9201	140346.2172	170609.1657	194934.6423	176731.5112	136731.7947	113172.5711
83417.28281	192238.5739	151417.9633	89373.80227	159120.908	159541.9157	176673.1477	186246.8249	133777.624	167802.395	161543.9535	192985.7476	143009.6628	94647.14976
101405.7427	189198.0507	157991.0529	101273.0677	118042.0741	123650.0904	193532.6929	219138.9007	211439.4327	150487.2124	191486.6921	137772.0421	137080.0858	139268.8099
63383.48009	192059.2987	176511.8556	84189.71934	182805.2036	184716.4231	210376.1031	231824.8826	177045.0357	164978.415	156647.6504	133737.4398	119159.6506	98710.01202
100222.9817	203070.9002	166830.566	70901.4832	150007.111	152091.462	240166.1176	182847.1129	175503.5058	146660.6572	213101.0378	130343.5432	119675.4657	142212.0334
90296.46897	187209.8759	205982.9905	107948.9392	155036.4823	115536.4984	197252.4309	179166.3822	200916.1205	162992.272	149186.2496	138764.5531	171976.4785	140534.616
86814.35482	189856.5583	145623.0282	105087.0036	132926.9245	145009.9999	218356.6879	208373.7855	157526.038	152399.0457	169149.0776	145545.576	137885.2992	129579.3716
106922.9542	215253.6866	168979.6433	117912.4266	138657.1985	143367.7646	189946.6091	189432.3967	135439.3607	159460.846	147148.4836	152387.2546	141883.4212	86285.74128
112451.4592	165086.6282	133854.338	86542.46804	159859.4882	148579.2622	225509.7302	230204.1603	145603.0515	173262.6545	158152.2864	166805.8479	131064.6785	120168.135
156380.4072	174496.4442	179241.6633	106830.6898	149322.7261	135783.3773	189933.7642	201685.9388	159624.8383	189984.3657	163941.5	165753.2098	109598.0118	124170.5725
80858.45042	212721.713	134056.5899	99445.89	150496.0559	113019.3837	227565.2453	195128.9678	207158.5741	164758.1235	171121.433	121992.4253	137881.281	112906.8242
104262.1279	147833.3255	170632.6442	109945.4306	144331.4149	140459.9785	215393.0706	206110.4171	148856.8692	161269.6204	148183.2454	136641.6803	141295.1595	138094.8677
118511.7248	199693.1492	161365.465	116469.7185	138636.1713	127608.3595	225047.4669	176861.0658	168465.1631	152736.9249	152069.9334	191413.6309	92925.07916	118600.8942
109003.8869	193971.2828	144675.7076	86252.2201	137635.8719	150477.6325	181044.0201	195950.8728	139815.1367	149658.0401	198102.8973	148579.2094	137293.9658	125671.8419
102147.8521	178837.7397	142309.4237	98066.1868	151776.8055	155078.5319	199046.2118	180583.222	165785.7688	154408.3603	152442.4547	132188.4542	133877.0743	132223.3516
102335.5561	159810.9586	155857.4767	111738.9224	130510.1197	168734.8443	198725.2739	170524.1717	199477.904	184130.2453	149336.19	144061.2403	126073.3101	117040.175
102017.1186	210376.7417	162821.1308	106466.9417	141012.5957	188038.7536	204911.9854	190614.8489	140516.2244	149648.011	157568.9472	125106.6761	117101.4882	100987.5364
92192.66875	170778.6686	178947.504	115762.57	158843.3903	127798.0383	208650.7283	204483.171	144943.412	153216.7103	164517.117	172351.2812	137302.9591	113090.9263
125385.3648	209508.9883	173200.434	98846.46653	133429.6215	149231.62	223887.7897	197613.0783	177846.6885	162213.5985	154222.4684	165666.9355	113605.285	109368.9498
91312.64093	197942.8363	117629.6876	86018.05491	140575.1407	167274.7272	216794.8862	142540.112	135724.7707	146235.5432	154205.8544	131522.1534	123940.5095	107218.3716
110637.0869	207501.9686	147267.1566	97877.87317	154423.1489	161791.9237	208347.6397	194830.6771	166171.3501	142353.1566	164402.1168	166975.7228	125116.4355	102806.1858
105894.6284	181488.1925	165315.9353	116783.7016	166149.905	147317.8437	183278.5198	213156.2958	192280.2145	181316.7564	168234.0413	130615.9734	106617.078	106453.6063
97485.9877	184061.995	209395.6687	110118.7601	168708.0267	130547.7729	188117.9045	167429.8448	177571.6225	169788.2546	146845.1043	165499.1789	129940.7312	117699.3117
108650.7629	197333.8691	169674.3771	115226.4488	142742.6755	116224.4116	203822.6583	181293.2101	166039.8269	165862.7442	185812.6784	154548.2116	123876.9651	112769.9898
126756.5241	191234.935	168753.2111	110038.3921	188156.8686	154478.9654	207217.9189	185448.1194	232472.5274	133105.0839	166415.9752	147469.9074	132917.5284	109309.0188
78444.75672	181052.6338	167217.2198	96366.86517	162611.7016	153895.1458	218077.8987	204967.9947	171321.8125	125431.847	166671.3566	145240.9512	143343.4462	121039.7734
81540.01112	164774.8934	146186.4729	99654.32443	129845.817	174589.452	234600.0178	174690.41	163805.5197	155928.9281	144968.8735	118843.6211	129366.8875	127360.1813
100354.2877	236196.97	148823.1944	115420.1987	163379.8423	157885.4691	166461.5064	204885.3573	186338.831	177016.5163	160360.5802	135279.1691	119980.1473	117856.2561
90275.00035	157658.1152	146950.0432	117987.1406	139800.0943	152749.3502	231068.4819	196698.2735	168335.6727	155769.3907	143548.4526	131571.9775	120029.5478	93804.45524
113908.7949	189916.9085	191818.4141	117627.0084	180782.1142	164384.9754	219669.38	190834.9731	164241.0867	164095.7349	127530.3368	147178.1762	140003.8797	126538.2053
105613.9042	222349.1695	182063.0234	93806.8609	164304.939	143669.5861	209230.524	201783.7734	197725.3065	183892.75	176895.4974	145944.9008	119889.1468	113200.9882
114563.6906	200421.216	164164.4968	101402.6343	149384.3468	150717.7851	200360.8361	186380.7704	162671.5084	153490.2612	168725.8995	185371.5006	151888.7727	121089.3714
93200.58605	169946.0593	134765.0434	77238.00262	165617.4597	141314.4956	187426.5466	167106.6169	200525.1171	161916.5924	133634.8932	162664.4846	171405.5533	93742.66054
80594.45708	219691.5717	177338.8229	107353.4408	139538.7951	125474.2902	169234.0577	214107.7015	180907.8082	134464.4342	177136.0437	169583.244	148849.6669	139030.2362
119549.5271	186702.212	117848.7267	127881.2648	141409.3266	156407.4987	228574.675	193351.5166	168502.3901	169823.0231	163987.9121	146638.8376	151269.3689	122841.7399
79567.95698	181876.4631	139411.3877	91531.29572	160604.8217	185140.3801	197654.7703	197709.5223	187599.6119	163478.5725	156556.008	166996.7125	127394.0246	93779.79465
115126.3884	207627.9914	149665.2357	94417.65887	148298.527	168265.8418	207307.7228	184801.3168	120622.3782	151323.4517	178543.2551	135453.0836	139522.6114	129382.0246
109149.1255	205019.7735	179751.9025	98669.95941	134452.2407	145034.5048	190445.8218	190323.3411	189563.0954	186885.4794	139431.6041	160258.0202	128213.3971	116690.4545
70854.77403	197996.899	150582.8173	121941.3206	149223.8861	111696.7037	224321.8531	216449.9763	189143.5812	174029.0097	129874.73	139729.9314	124912.089	107565.5684
115253.0247	192090.0352	174952.7188	105230.0839	143181.2711	200640.3911	215258.6097	217385.514	148389.4459	143336.5262	143605.5324	133428.5626	139981.0113	124561.738
124170.2629	182920.6439	174441.8213	82912.60173	161284.9912	144269.8538	190673.6826	212162.7292	155551.9351	166176.2435	158847.5221	132918.5703	153691.6475	98449.64689
92941.16339	183627.1906	137127.9749	99535.68369	146878.0842	164516.4224	198490.8395	248213.6729	157392.8439	165806.0834	189794.0995	121353.332	138672.9723	113475.2362
67689.94172	215967.5811	156878.7456	98998.23067	168012.0884	176752.2402	210059.23	163340.1936	162145.3391	189251.6345	176287.3533	167502.1476	124614.6057	123545.629
117732.7793	159604.0963	158682.1352	77426.0805	141494.0742	132475.8681	199102.566	193054.9303	172909.9107	174315.8055	163468.9628	144488.9957	134670.7356	95544.29674
123046.5	169400.8473	184955.4533	103508.9517	162731.9769	153617.3977	205760.0731	212968.4534	189963.8862	122017.5382	184345.3042	148577.962	143604.1545	96889.05465
102295.5682	211619.9336	182510.2766	94654.57198	154015.118	127890.9097	205349.0686	226731.1027	156176.5377	185886.821	153967.8546	152463.0005	118782.5573	144104.1096
89564.72661	160736.7132	168486.9862	107012.2458	174588.6136	147423.8731	191454.8226	184389.1739	130562.255	164761.2101	160664.8649	151907.8067	109829.8442	77161.27073
88125.49313	195133.5335	174568.2263	119945.6044	141883.2989	156034.2436	203788.6694	192531.6367	182167.0543	165660.3304	150689.767	152645.9971	116649.1798	113817.5213
127076.2455	220571.57	163778.3259	142211.6616	150316.861	176138.522	228899.5934	208141.6514	167326.8865	188455.6895	155931.2556	147502.3772	129791.9369	119299.8536
126120.6537	201712.8907	144743.7362	115700.763	165379.6094	119542.2236	217140.0654	208102.2121	189295.0805	168120.2306	149230.4393	145061.6144	128379.286	111378.424
124107.2641	207231.8759	175452.5816	91966.07838	146623.4634	125791.9641	223338.6716	226531.7123	155411.8417	167434.7415	152594.0251	166889.9554	128400.1512	98027.64486
104339.4055	207451.6217	161397.0885	92662.15651	137374.889	164880.6539	181311.7676	206601.353	177690.6002	160396.0824	163981.5319	180748.4747	97009.34829	128775.4154
113365.2627	183953.6149	131066.5942	121536.1982	149800.9848	161205.1373	218500.6916	179810.53	151845.8926	145246.9594	144603.1384	145836.2635	139170.992	103378.2935
90531.64152	167247.7508	177807.0123	119874.6441	174295.9024	105606.5913	208421.1785	192298.4802	172800.6982	170819.681	178728.854	142263.7674	109777.9951	109254.0689
113526.4982	199238.5158	217417.541	117289.0392	149162.2476	144701.132	214638.1517	209519.7788	153161.3113	148177.4105	170259.2284	139362.7543	140213.9646	110828.9612
110386.1873	203333.2306	140963.018	124271.9428	126119.1509	134875.4211	201986.4595	191987.4287	190588.5924	167637.5767	167389.1563	152648.1559	152380.0972	131685.5907
119234.0687	150896.1633	154389.0718	113690.9706	154394.2047	140227.5896	211865.0739	198803.5874	167487.6793	177178.2189	155424.981	190232.6355	128673.488	111584.9446
86035.53936	193322.1986	160064.3286	84383.88892	134939.3495	175960.2126	190174.8573	206600.8807	178949.263	180443.7779	155924.7118	133511.3118	130870.9812	109802.8927
126895.5687	183551.7217	145984.259	81324.39268	113504.2333	139144.5001	183756.2652	193802.8068	138355.0773	169049.1977	146517.3361	125977.3663	136127.2373	106681.5529
159950.4247	192457.0714	171406.7558	104355.3952	158296.3552	125858.5714	171657.1992	193797.7093	220717.9547	131125.8191	163468.5096	175531.166	108120.036	80265.13469
48377.10452	182210.9082	162492.2347	104513.4368	160643.0575	152184.5295	181711.4257	191967.5216	183669.8312	148505.3063	150534.3312	150232.6088	121538.1904	103704.0367
76800.68434	185870.9432	133638.7939	95215.74435	156116.3589	153441.1192	204852.3314	191438.1969	144305.3425	161875.876	148257.8048	119317.4057	125454.7891	116520.2751
71887.47632	186072.4206	132175.4701	97333.59878	161566.2483	137827.7786	200850.9678	216267.0478	133174.9115	172906.7776	153197.7384	148621.1271	116176.9374	118562.0489
103561.0388	207532.9468	163669.9652	91332.32325	143468.6173	148511.1223	203137.4994	182751.934	143606.6129	168678.2485	202665.338	122646.0494	122886.6493	119601.5695
59982.20764	192799.5136	152600.7083	85593.00213	140955.9312	170955.0312	217179.7193	197274.3396	183314.7714	145879.4743	200113.4408	176693.307	123235.1758	88283.36201
102995.1165	169779.531	180675.6795	100160.7219	155942.9431	156234.7985	269452.1041	221599.2887	180306.6585	140674.9607	186517.9838	142597.561	104135.4646	113657.4176
89278.62365	188591.9241	183883.0425	77768.65692	126634.6769	154456.7341	182486.0925	185205.4805	196924.2745	137711.0897	191210.2853	159409.8303	117793.6211	109798.1863
80460.92751	206458.4543	166454.5283	113622.2734	126393.5057	136508.3256	212223.3238	184249.5834	186139.3898	152176.8594	195222.7349	121070.4329	114257.4087	124505.9729
128507.2249	195309.7786	135462.4295	113532.3158	154140.7392	146821.3211	170314.7653	195661.5066	191795.2248	131672.966	166061.0843	182735.0189	111889.6738	94182.51981
84013.2576	199644.4903	125823.1382	115366.5187	185406.9628	144616.0472	230427.9695	196476.6174	173961.2587	172970.9861	170812.5987	140040.5031	102010.9536	114850.9281
86178.22392	239120.8532	187740.2174	102925.2325	167650.2626	125513.7884	189383.5513	217897.484	115246.4114	175267.4483	164010.1072	140655.6499	151604.4051	103089.442
102003.321	169049.6464	180335.1668	94431.83438	160936.1651	135719.7075	195991.864	230259.1444	137350.2152	140201.0719	143582.8626	143446.0073	129884.3085	119960.0604
119757.2306	181961.4907	160309.2852	113853.3232	155009.8258	139104.5155	231931.3431	180902.1225	141930.6597	188375.3764	177172.53	139793.27	136745.5492	110785.9892
90608.17736	195101.0236	130452.312	102805.5917	147614.1438	119518.0707	211545.4359	200095.2788	179009.3282	146526.8829	164793.564	160017.2352	152824.405	109469.083
83435.53146	183354.1215	188637.7434	103129.7921	153486.187	149893.3684	202708.2335	186439.1609	152712.0525	105595.1977	150078.791	173261.8384	135547.3228	110536.2039
112342.3084	171660.4547	166985.842	92447.74631	155523.2738	149112.0553	207612.3409	194807.6685	146306.9354	128471.7906	153723.6997	151218.847	145442.5735	133452.1085
102553.5694	212975.7099	134389.3779	97112.28201	155378.0764	155832.5974	191098.1718	186118.6001	131881.5819	172727.623	144255.4499	117563.6467	137798.3079	114848.3824
103530.1331	185185.5537	151226.265	114054.9919	131452.9045	145982.7044	208535.7577	223436.4498	162112.6848	157246.306	181990.7658	177180.796	146050.0683	113986.6236
110421.3365	201966.1157	153163.323	92089.52384	163838.0603	101953.2716	205003.9554	169010.2291	153337.6329	171580.1119	179503.0462	139341.2298	120817.1764	125888.384
112638.8879	197003.892	162558.5327	87687.44185	155862.5645	128008.9725	212058.4079	193035.8651	188741.2318	151569.9881	157425.1483	108397.3861	129243.2559	128597.8697
67508.45813	173895.1397	138849.8418	91129.1583	160153.9789	128243.1579	191095.7759	166652.8498	176166.232	143650.9392	175097.8828	144593.8452	117197.5773	96126.24714
81571.03394	168100.3161	136526.645	87971.85489	143268.592	158723.7653	206901.9084	191988.3481	177224.6639	177620.1418	175536.6925	182264.9296	130981.7008	116738.9348
118517.5843	170199.1946	205241.898	135289.2181	132996.22	142243.3125	216344.2733	196544.7639	141722.7654	165349.4008	152817.5374	174055.8451	137563.3324	84931.91153
135524.4945	194971.7312	157908.654	97170.29869	181755.2643	159069.135	186948.5704	215313.375	173184.1216	179366.1089	170016.3627	170294.9751	136349.929	94143.05875
143291.0902	211758.2751	157708.6538	100387.634	156110.9281	165875.8557	223054.2999	196264.5555	199114.0926	142837.0781	133390.8128	152794.3306	123811.3565	130620.9048
105734.8556	187517.5395	178658.5544	118037.4593	157463.2497	192072.4698	164461.1808	217984.043	190948.2993	144034.9677	159079.2051	142030.2312	145617.7725	126779.2492
88866.18377	176732.1755	159239.9595	114285.3618	127914.9475	141299.6991	223084.356	195304.177	154386.679	158291.6226	170538.3276	119436.2203	133499.7286	121804.1742
96262.38584	170378.5946	161663.4971	107774.0434	168034.6216	149082.0693	213041.8155	219745.9995	138342.6359	181019.5925	150482.7565	152756.7314	133912.9792	89133.79059
110327.5968	199583.5146	161555.7483	102296.6198	165375.7909	138038.1875	197503.3336	193520.4434	177785.5165	155532.7048	145097.8136	130922.2459	148342.7567	137707.6835
149039.5256	169023.0886	173269.1392	110967.8734	143869.8531	150047.797	187537.7836	221200.6362	128004.7376	158466.4444	190071.7371	160792.5999	130971.3161	119406.5513
80390.77551	202115.1008	173914.2458	135358.9266	121266.1648	131035.6709	221159.2266	215975.6269	159405.3299	146004.8671	163739.8623	149211.0411	146836.0516	86301.25564
56070.24647	190194.6034	141587.2448	129118.3119	161745.9383	164386.9175	224416.733	208491.4121	201524.0753	168753.3732	164075.5544	143873.0509	111097.1445	94642.32144
115026.5042	210876.1494	199072.3949	108690.4957	162996.3179	148939.7866	237095.6274	189452.6029	155703.2539	175150.2015	148361.4783	155193.6288	134364.2248	83693.67399
84431.19092	189119.2443	163599.8433	75736.66225	154981.1318	181358.4379	215630.6408	197899.4506	160076.5571	152045.693	157975.1101	151314.0671	131778.4143	99802.78651
65746.89837	209390.8525	157827.0619	96385.48633	157643.9841	143273.3558	213364.9261	169321.1119	169986.4568	171485.0521	135220.2787	166074.1378	133503.0107	100632.0138
77687.28285	212506.7016	166807.1446	80938.15991	145782.9561	157114.9619	189982.3417	206484.6162	146778.7677	182420.9426	145228.034	148011.6401	146828.624	94094.22262
109472.8787	170146.4868	222956.1506	113664.7815	149583.9337	145499.7924	178568.1382	190358.4486	200616.3398	189311.1982	190038.8456	131710.2845	129674.1056	115875.8174
69021.31753	200923.7475	186091.116	114964.6725	162541.2415	163082.7896	206931.9413	240765.7916	198070.8202	123542.1082	134061.8313	165314.4498	154124.896	116109.076
91679.80653	225909.4505	155514.8305	121261.1912	185366.7927	154041.563	197826.55	190528.1209	155200.9055	194198.0071	176340.8606	147398.518	136179.5131	86923.68146
90513.56753	169074.8035	175851.3635	97421.84749	155362.2861	156452.5235	184148.7542	202215.743	195210.4178	149701.1221	151415.7105	137598.0054	102809.4979	113206.6496
145448.7251	213694.171	175774.952	103235.3873	138438.4401	140752.4292	199975.8881	227303.4786	170709.0169	152666.4356	155661.5343	133643.2296	134548.7222	116395.9501
115937.0375	178111.763	200894.833	89873.02969	149410.8693	169050.3253	201761.094	181507.4183	139551.1161	149894.115	160899.4244	130848.7769	123690.4403	102201.9236
81196.32048	198388.7051	158933.9651	134893.3551	151283.3351	123080.8192	199495.6342	163325.4788	179535.4463	169951.9719	194453.1239	170057.7707	120133.2937	102034.933
113814.5672	198699.7034	179430.3074	130518.5198	162568.364	166020.3605	224891.2583	201863.5508	193965.0896	117570.3983	183661.06	150697.0051	147066.0496	108037.7403
91722.91083	186154.0531	136313.0716	121197.0615	142830.9762	169166.0346	180406.5795	167504.686	175017.5567	159392.507	175044.6855	159829.2413	122561.2498	135159.5592
89629.47567	158653.9424	175271.6483	132492.9778	158309.4311	147841.7494	212555.3469	172863.93	204887.4924	184325.1958	147190.8312	140212.6393	96318.50507	119902.7285
122882.9487	213256.4364	185793.4947	64011.05735	163883.7215	151972.8724	206339.388	218094.5979	184399.7911	168690.2288	148766.6872	161411.7919	112348.8219	117284.2282
116779.8385	192765.1579	161614.8204	117150.6046	139270.891	150559.7345	195729.7267	173450.1124	193299.7163	165127.1702	187747.8982	162196.4797	128682.379	149136.847
115311.2858	232923.9832	137845.0355	86441.09668	133158.9192	147918.3258	210107.92	224273.8694	193967.1404	122623.066	185508.0336	162790.1213	129948.3688	106731.8168
97839.94056	185712.7377	150002.7506	111833.8021	161218.21	132107.7276	181483.3824	197294.1237	150914.8186	131496.8708	141457.194	154024.3418	109677.1564	114710.57
114710.8191	176714.9236	151139.4462	94831.5414	119332.3798	157523.6543	201621.4488	194012.9631	156631.1688	198354.6503	158835.0554	146972.0404	121587.565	124658.1511
87247.54507	212115.9264	184211.6511	79028.8047	120304.5286	157922.1853	222994.467	219188.9451	192909.7799	184972.5293	161028.3265	170569.6688	120501.7158	110576.3692
102848.1206	188640.2424	174475.3653	96971.38255	152693.8587	133037.3043	187656.6827	199789.5142	184758.6377	135393.7048	177801.3455	171641.6591	145908.2516	102959.864
99792.08668	198778.4124	189573.189	118891.0365	164340.9876	116596.6064	226578.775	190810.7581	190699.9646	160572.9113	171354.7061	147992.9007	139723.3748	110833.6889
72639.81302	194622.4351	160537.0486	117556.7237	151030.5801	135543.0653	211915.2571	235157.7614	192539.9983	145811.6724	158020.4241	148755.6835	136414.6486	125517.7278
100634.5698	181973.8442	179838.2689	99464.43856	149608.2313	150102.104	200993.7634	195189.3414	179387.2778	187425.2395	192167.4414	187897.6924	146810.3826	102734.2436
80653.41301	198486.531	153058.7621	88443.13256	142883.8838	130024.8705	215801.9897	197344.355	173791.609	180262.8825	161897.9822	133490.8681	113181.6907	121476.6466
86462.40713	210972.9521	161465.6637	106676.7673	158026.6479	137464.7012	178461.095	195995.5795	157740.8193	192385.6788	155062.597	161021.9938	133630.0798	110784.467
85069.06228	196745.1968	145434.6806	94648.34855	164626.5093	157820.8428	191665.3505	216672.013	191323.7802	180454.7333	139579.1907	171789.5329	127763.7626	83165.30466
79355.17237	190393.5614	178875.3681	84150.39316	154600.6513	174621.4182	175819.9207	180708.3644	186874.9156	174691.5129	163540.4274	125661.475	135521.7006	95584.31802
120977.1134	203658.9834	168915.8652	110872.2117	165952.0169	161510.6243	200146.4189	178713.2116	168471.3402	171574.1115	175693.0613	138822.7034	123938.6189	110706.1673
88336.97567	187167.6408	172458.8462	81469.35305	164889.3338	133003.4078	195568.476	202337.7394	188501.9447	156363.9031	171352.8049	151537.5134	172492.6614	91669.6839
103514.6884	188364.3127	175450.6102	94599.94227	149479.9458	167401.7926	190912.788	150324.6912	176850.4722	168582.4733	187452.7448	150121.07	129945.9913	121751.6274
113103.838	173460.2452	146192.4902	111706.4622	149523.1295	160684.6525	242655.3365	207504.7133	193690.1652	170514.1394	150296.7305	169159.0111	141519.4602	111254.8153
107841.9781	202219.0174	159384.8712	110527.9564	147634.1847	172642.1505	195955.3388	185746.3408	181181.7909	119659.1588	166497.5639	124867.6579	145423.7492	108272.1861
108561.3206	199556.8429	162865.4249	78186.12488	172639.8549	179807.6061	221623.9514	209652.2428	195897.5113	158358.7759	148051.5501	123050.5383	125165.5874	123942.4266
94705.77503	201493.4527	133945.484	129674.2224	160705.8617	122351.2126	198047.8896	196240.0245	125931.9135	147644.2379	165641.5605	138386.3046	120804.2759	111719.5567
83316.86295	182328.0552	190807.5785	106129.5778	171348.193	140753.0425	205482.008	183484.3509	221081.8487	166565.1163	147458.3223	134416.0928	118157.0309	126532.4727
92728.93636	179513.6705	162525.8227	137060.8078	164862.7224	122262.0208	216024.6232	211063.4884	208333.975	133450.1582	144687.3006	130920.94	149146.3041	115171.9148
61971.24486	183888.5413	193226.7799	83888.02168	151742.144	134182.5153	224490.6402	155760.5967	133705.7988	141357.9579	161450.0678	122610.1936	180202.0636	82130.05854
86044.82751	150268.0367	168644.0688	98699.24271	156934.9614	186520.7133	215050.3698	192256.0738	195731.011	155508.4745	168667.795	173623.3823	135661.6023	102976.1282
81495.06793	190034.4737	163759.8921	98861.58688	150790.0336	138642.8214	246729.6259	142758.1474	160061.8266	182374.0035	126748.2916	126567.8948	143640.4229	107064.8721
102857.4587	245377.321	210076.836	126465.6091	165785.7178	130365.1358	224226.758	225290.6968	195614.0829	156574.2717	171799.9252	161546.5773	131220.3461	108256.7228
116721.8899	201405.9366	158880.1155	85303.03447	145506.3258	127627.4289	204967.4384	210937.2621	181574.9609	136549.0445	168685.9881	139985.1433	142020.3428	120640.7868
74115.37569	179234.9614	167185.3059	92756.78476	126491.661	130110.3499	200254.6928	174148.2146	146439.6214	158254.5972	170997.2901	175593.192	142867.9008	95159.86833
100817.9729	192184.0337	145822.2789	78542.18002	142332.5391	133427.0965	218929.2732	169250.5898	154785.0779	162358.3873	155624.1687	139696.0747	116229.3486	118965.453
88751.58288	163324.3163	153499.3085	124795.3212	153645.3419	144780.565	196054.7591	186237.8519	192947.2523	127757.3147	139195.3958	169152.4683	111689.4073	122454.496
97693.49745	208133.8097	198082.5762	94112.51217	155759.5966	162159.3244	204304.5261	191302.38	180387.573	149081.985	174931.6525	154860.8633	114231.0602	99111.43077
74690.19074	186838.5161	202738.726	120406.3834	144382.1623	156715.2681	240648.1148	177949.4891	167989.9881	152747.703	178964.7828	155553.2122	136098.9786	117591.3676
76275.34751	189745.652	162766.495	101264.0633	146270.4109	136432.1606	182426.2571	212375.6468	156393.5692	148390.0099	127084.7314	155274.7974	133795.6832	114435.7254
80338.00671	162338.0584	170996.2955	115325.6466	185665.8562	169825.966	216598.1343	178475.2581	168594.4997	129685.3151	166779.2795	166426.93	150926.2268	119673.3588
121636.09	203545.2482	161640.8746	83106.35774	146631.625	115977.638	191606.596	204499.4488	154128.6558	135030.048	180873.628	152884.0497	118002.9357	123124.9759
92767.82826	200193.8355	163686.9886	113524.1104	157825.7519	156439.662	209519.9888	208860.3949	168422.1805	167114.8092	118648.0049	145116.7555	113808.2516	128634.5951
98284.18782	122823.1137	180802.6316	120181.3055	144839.3078	167832.6363	189991.3382	195879.002	169315.3977	160174.0418	168108.1942	186130.3023	163567.6854	82562.7199
88722.76741	201275.7588	150309.6459	111504.5527	136942.9907	146358.6547	167117.2014	191548.583	167153.7282	191331.5279	165744.489	123133.0664	150721.1562	102624.3929
98044.10583	207629.6327	170085.7579	80245.12874	129652.4719	146723.0356	174786.153	217052.2471	233459.9384	152908.2931	162494.3251	119780.7643	122315.7556	106903.503
101302.483	166260.2929	160770.5066	104761.2541	169033.0989	172028.3564	155103.1174	190764.8538	214482.6932	149546.0856	174312.0854	152281.1859	136581.6178	80493.40114
101344.8084	174328.3879	187050.1599	114486.2163	163564.6714	136588.6725	195015.6499	219110.7777	156971.9916	163226.7444	165462.3658	135451.4107	140884.5163	72037.27091
116801.0567	157739.264	161157.2278	104901.8003	131873.419	146771.7208	206874.5909	190746.8876	168130.7939	170041.8173	149966.7969	148903.053	118615.0231	87293.21593
115296.0369	222176.8935	174465.4778	100103.282	147987.0062	147846.8941	192735.4559	233495.4762	161824.5747	158630.5576	126580.5925	147664.4372	107766.1825	100449.7622
95328.66553	150699.8822	153923.8001	114226.7321	160181.0291	105284.5223	180442.5261	145682.4144	189012.5634	141989.4823	152915.4122	142606.0949	144868.5443	124914.1522
116231.721	213686.5906	153477.6379	115668.4516	166084.7443	140831.046	160946.3774	163028.1612	184562.0567	162617.0463	172064.7009	173552.5699	131229.6304	122058.2849
67312.74135	197183.1061	176698.7436	93294.99956	136332.7622	159559.732	201919.3175	167470.0864	198870.6571	179256.3627	153812.5523	140725.8538	108376.2682	113373.0852
110954.7002	222792.4967	155902.9907	98725.63156	138009.3966	147751.0316	176280.1147	212566.7998	171435.015	150557.2067	211334.6779	150162.607	120486.3845	136492.2598
97001.47387	159924.1447	177615.5715	102308.5533	146684.8504	141635.8733	200300.3303	221770.3467	203498.0118	160275.6695	149753.6864	136618.6439	134465.1873	97301.99275
104348.2971	215982.4668	172030.7949	88680.33006	155348.3547	173700.7326	214895.9216	186915.1764	168010.4471	119235.0209	168638.1781	138209.5634	99663.05132	107919.8782
125680.0462	176806.4289	148044.1401	91844.22581	159386.0362	130084.1496	211399.9064	177177.2103	152435.0707	136341.6438	144559.3826	152892.5312	176599.1174	133844.133
55155.42108	167985.2949	160425.7799	111633.725	138666.6286	132352.1337	194110.9791	200552.2626	131639.6643	170384.7056	147633.3451	169211.2957	147689.861	107446.0969
106300.2079	153375.121	138572.1	88918.25041	137402.3114	181823.5277	200429.4571	206196.9407	118582.354	166124.0057	179825.5128	148459.9742	155829.97	109673.0926
90993.8617	209633.7378	158930.0675	95189.40161	168556.7061	154513.0572	209463.7144	219931.1833	182489.2554	186218.7264	145471.651	146766.9406	135370.0101	92589.21298
77737.16037	206281.5297	154295.0978	108644.4497	134048.3271	144843.8609	211899.7481	180305.4047	152585.5468	169780.7195	146760.9865	165644.8325	111449.1595	103081.4522
73158.87879	171164.5951	200187.1869	96033.13809	173693.5016	121266.2386	212199.4114	181538.6186	183483.9146	167434.6774	162746.2594	112955.2464	167123.64	123757.5074
98858.01191	184881.6516	182083.656	70969.42221	132938.2244	178650.4372	191820.0122	169375.6129	141262.6709	176002.9776	173274.6046	150600.3433	155820.1326	116357.4619
94274.40077	214167.2641	136061.7654	107500.5499	164063.4195	155614.7067	202105.1364	188721.9031	182993.6558	199226.3945	131288.9015	123778.8294	154890.5337	117321.2017
90571.49603	168386.4437	158255.8723	90804.56651	157990.1566	167203.1574	202069.3616	188048.556	200033.8013	167346.868	161925.1826	131055.6855	131871.0303	121288.4067
120824.8935	209955.1307	155091.7708	127383.0778	165483.0341	129607.4754	233930.7814	190011.1335	236464.0528	156904.3587	169294.0746	186809.7513	139149.1875	100237.5816
93177.3489	187900.3842	166819.7349	107453.8481	159019.4982	135901.4933	156616.3387	185513.9571	180212.1215	155409.2734	141894.8012	146643.4474	129364.2624	91871.90871
101852.9539	195109.8704	118815.7482	104171.2031	136041.1639	153071.4431	187934.2291	224259.9686	153815.8068	158101.3472	183414.8967	154456.2268	123960.5924	100761.1041
112709.1327	192927.4511	170949.8281	82941.90214	158074.3976	116028.8767	214643.4476	171709.9822	171252.1975	179200.3068	137657.5336	144544.3893	142745.3751	123083.4936
102915.8841	177795.6396	142989.898	116809.0802	132745.6309	138357.9597	203129.1928	192005.7302	153573.0773	175256.2367	119816.5999	110644.2119	138403.3316	114306.2657
95209.08193	189878.889	125580.221	91086.9608	166486.3068	96499.20243	240378.192	199684.1795	184238.5157	174045.9589	174408.6297	150525.1962	131943.7036	117766.7437
81413.54323	184356.6765	129552.357	110557.8049	164780.3853	159810.4219	192739.8935	188935.7969	192312.818	160983.801	166697.2854	125457.9239	127485.8575	92561.03772
91266.87488	184728.5902	172399.4429	108876.4118	161333.077	105827.9277	212396.0503	192687.1588	183112.8067	151533.2206	160231.2499	181066.5117	150595.7014	111979.0251
118046.7265	207321.4132	162107.8145	95237.38038	165642.1443	145130.2643	181567.7255	175966.9272	156654.4745	195115.3661	137308.7214	144946.6132	142796.7341	134369.2733
86224.19086	180094.7572	173452.8298	104933.3729	143528.1862	158257.7059	211136.364	215201.0595	156239.5676	154886.2235	179146.9285	115453.3625	140224.3807	128106.6492
113078.2401	176015.0495	200331.3887	121897.9096	149740.2677	160500.2159	201130.4278	196130.1931	206170.1198	146394.0005	170377.872	158717.633	120216.0969	124536.1093
87996.2901	189692.7416	218520.5119	104013.7127	147640.1559	130030.228	213507.5348	208724.0597	182099.7986	151044.9168	169353.3413	149772.4864	144905.5949	119880.7092
106737.7422	160695.3399	143727.8905	97926.67074	162249.4773	151471.2663	215246.2287	204755.8761	174903.8412	188548.9271	150867.559	168012.5215	127151.8874	74744.65064
61566.47912	173762.7977	156446.4273	106668.8214	153206.1537	168787.7071	172112.4547	181338.0789	199014.0452	183135.4031	168882.3257	163648.464	144042.8157	134379.8156
109665.8685	210586.9183	149005.8392	103710.1185	134051.6753	149285.2194	198480.7794	188275.7598	164611.5403	144352.1669	158922.3547	176781.3998	150933.0537	98212.81538
75693.7034	172247.5043	162638.0683	105684.6768	140673.8076	165849.2468	223796.3242	223864.7048	172709.5174	149066.7818	155439.8218	132553.1168	127600.654	123776.554
84369.39036	177334.2542	145558.1705	101034.7881	134928.7547	151522.7293	175988.5142	172143.315	156469.0961	172947.6006	146286.2263	141064.2668	153570.9448	134670.8054
98278.40553	222514.2873	177673.3719	76414.99241	169298.5569	135279.622	185433.5777	208437.7991	182246.3438	117657.047	199499.5311	162426.763	104131.1288	102920.6583
