Total observations: 478
Total time period:16
Unit for demand: cores*hours
=====================================================================================
91920.7011	163614.988	146960.6877	93273.75107	37028.35853	149271.2263	190952.2945	162389.231	113117.7923	147678.7292	112649.5994	133460.6348	102615.3566	102579.3708	74540.69213	97682.06593
97361.43658	140453.6566	141172.8462	95150.72366	11601.23354	163153.5891	187994.8259	143629.1996	164509.0736	126665.0541	109470.9199	142965.8301	103159.6744	105057.0007	115471.7501	99066.96081
76039.75504	192197.0129	114192.3393	92166.37273	39238.49367	139508.1989	218053.7577	179286.6388	168461.4089	157902.8575	158854.1446	158246.5036	93368.62764	110970.6105	103954.7083	78604.06625
103790.5665	186505.6079	150225.351	93413.58915	37962.59972	120522.0361	205446.998	178405.1282	164095.8657	137212.6043	151590.487	138880.7242	128581.5142	107989.9255	121069.3913	97486.96778
106247.6315	156678.9629	111062.9419	105468.4288	32689.46362	171049.4695	167488.454	205954.0514	163084.2734	130801.6876	145412.2461	117480.7843	126662.2543	114256.8302	99578.78492	103573.1313
78546.8763	172335.096	172266.8415	113001.2664	32850.11255	149347.5955	201745.2509	180051.8	154044.3069	131610.03	146326.2903	131886.35	93953.78719	123984.7923	115928.6194	97639.78579
105283.086	163383.0042	150839.4164	86507.83444	28139.98508	137829.0922	156957.468	202022.548	157601.0584	143422.908	176835.5458	166428.7594	123120.3984	124905.0561	133287.2798	90923.7882
100027.4716	152821.3486	136637.1444	96474.26707	37789.29869	142148.4858	144711.0318	165832.931	134670.2378	137408.0401	127639.3525	150448.0307	122569.0631	101417.915	105308.5857	94142.42093
79055.4372	165324.0173	142295.9367	67195.50256	24926.68011	142506.0321	173335.0039	171168.9554	165587.7852	155262.4117	133153.7106	142907.2739	99613.8716	98394.43075	95721.82482	66419.51787
126805.0499	211562.6503	136416.6007	105788.9389	29839.81505	157935.957	159686.9829	136614.1925	154351.2773	150089.2308	160919.6588	140819.3585	157568.9066	92241.22018	121296.5664	105475.8438
106812.9466	180729.9651	168293.1071	97617.78377	45102.74273	141232.5218	166043.9331	180558.183	126938.275	155249.6611	169979.7228	153057.3079	125073.1588	112265.2004	108850.8614	102013.0558
92553.24216	189350.0884	144356.7243	93659.96895	16822.13396	125316.1729	223973.7832	178944.4695	150064.9266	134971.9254	135690.6361	149109.7592	116824.6265	108599.841	142142.0477	74113.52732
121343.3312	184928.0558	133751.5094	89409.49432	29079.14516	149984.4575	180901.7021	168521.6242	118951.3757	160657.0157	141650.5214	116175.6301	119030.3714	112848.3057	102448.6684	99372.46464
99520.46156	172478.0349	149590.4945	108409.7689	28017.02742	143105.3455	202377.8613	201596.2601	158706.7836	148835.9371	130823.9765	141084.2317	122160.0882	88385.29077	126860.7651	78019.83002
79683.59915	177047.3517	129863.3005	125402.0904	27204.45667	148296.2266	187028.8945	180100.5976	168466.9146	134117.1839	133989.7632	121557.5208	84453.04703	112591.6581	109325.0064	102239.1707
116279.699	180131.565	145214.6094	94973.75666	53396.07616	145197.643	160733.7398	183697.4186	173044.9681	155648.7352	138010.5311	117925.3955	88120.05354	116383.8884	128262.0376	96526.47014
93271.89172	177191.4777	148287.9063	87563.95749	51439.10539	136308.0022	161700.3357	159603.1311	147144.6575	154740.9449	136622.1654	131886.742	135465.1464	92506.54799	85459.71309	87109.92801
108191.3732	159997.762	151828.0834	118782.5264	31760.40423	118042.1326	149060.8004	161011.4098	145142.4179	129090.1947	134169.8481	129911.7876	98412.02802	109191.7584	121814.4209	89606.66404
96080.99622	177712.9947	153662.6702	104742.9845	44932.71173	141052.2053	159604.4958	141880.7831	129117.1277	141155.2363	178615.3047	124686.1599	113972.6733	92802.24177	96395.34336	79666.98653
76209.38302	172114.9017	134684.5629	109747.5208	38072.63419	155403.5016	185460.8017	135720.4963	168944.1258	161113.9595	169021.04	134203.9744	106105.6724	91708.65511	107899.2648	103587.5813
91386.52923	191719.3415	170602.198	98081.20609	20207.7519	145950.6598	181541.2345	159142.7714	186981.4116	146195.6718	148580.934	125286.1328	133549.2528	110113.402	146419.3272	87936.70353
84830.73847	186420.9519	105652.5817	86797.25585	25625.13491	122519.7652	179527.9445	147789.1325	167919.1924	134900.9083	129239.3925	130688.4659	123492.444	104617.7165	108250.7131	104166.2012
96379.81957	160808.3557	164106.7516	88334.79222	57460.27066	103104.8138	187257.1245	143480.3974	138832.4158	152452.5996	161984.9068	158819.3752	87731.50031	111638.8504	114148.9722	90286.07788
86565.30093	201429.0931	161232.6819	74510.2053	38385.02177	162601.4248	196240.7622	167571.192	191251.8419	148191.2022	158137.1982	139295.1215	114780.2197	101684.8182	125557.3442	88518.99061
104834.1818	197573.4947	135171.5127	106405.4155	26449.84897	153172.8335	148523.951	170470.3223	160618.0584	151281.7813	156469.2111	134285.9705	130975.0453	105869.6584	128254.5644	101543.8024
57754.14218	180154.0472	137654.1282	99506.06432	19121.2503	98712.66476	195525.6426	147614.257	169203.6251	157411.9884	156929.1168	133562.7826	96124.00179	112001.0833	117032.9607	96219.19509
106999.1445	165046.8062	142941.5491	90515.40366	27222.42659	122818.6178	186179.5633	162001.704	187047.0036	157575.6988	165551.7362	131257.3038	120495.1577	109773.4503	118453.3335	98854.42952
89356.02585	165792.8981	150049.2057	93848.26337	43055.64709	139408.2002	182726.6729	184225.4747	143635.7591	182180.9441	155147.757	126254.7782	107708.6506	128391.3053	107864.459	67571.85861
111277.7752	184584.3688	157458.9429	96318.11871	37991.09576	145139.9668	232230.5296	151367.1547	165209.1669	145037.3224	157745.0259	149095.5625	119997.7154	103561.2596	110631.4207	89071.47239
80762.84599	185544.3269	157733.4031	79862.79478	52747.72325	122591.3464	181811.6807	192431.149	159719.8534	136728.4937	140552.934	118077.7986	129747.7288	79466.27915	111277.5999	102441.9118
103396.572	152437.188	171172.1377	99168.05103	34951.62751	150639.1786	179258.6025	173547.188	194619.0186	161853.3115	171318.9048	159364.6712	110968.5681	112618.8951	92087.29694	96097.70015
85926.71782	135186.177	142061.5906	114328.6385	30479.46761	122056.8188	198435.3976	167719.3609	145327.1909	150639.865	139290.1314	141855.6068	103547.7379	107796.0326	112667.0076	103370.2008
81040.57472	160250.4126	141682.9137	118761.4155	22681.16178	135158.5641	216279.9777	167061.5596	161742.8859	148532.0428	144644.9923	116287.4996	116997.4852	112271.5761	84145.86105	78826.51893
90477.12727	153189.9554	148161.0961	89893.91208	21298.13065	153393.1748	166467.0842	146660.547	148462.2517	164442.9042	131281.3063	152313.4272	92887.34719	95687.10873	120831.0299	68200.52454
90972.74324	188333.6805	135938.332	127537.2611	47263.28805	143619.086	185390.8846	129856.111	164739.3187	106866.943	143089.1012	127583.4314	97216.63193	122529.136	123589.554	83034.92075
80869.34109	141986.8774	126719.0774	131041.5426	39502.01782	141270.8529	174606.0467	160421.4427	119223.0512	150582.2049	159561.1517	136568.9459	94444.97805	121013.0879	96359.32708	86731.48235
88386.28968	169143.9086	147446.2281	106056.879	30984.35213	140909.43	169010.7231	151891.8237	154987.4191	120571.7055	137405.4313	153109.5311	99671.59929	93680.435	121775.2533	68382.58944
84263.146	154026.7857	118004.282	90066.06657	40757.12347	150245.1871	179995.0126	163727.5942	175291.6661	155678.7011	141101.4147	148238.9488	121497.1665	95002.2681	87987.18264	99540.48358
98455.63775	170662.9103	151558.1387	109245.1123	26319.74831	147002.7511	195574.4211	171409.6487	152214.5426	138128.3405	113020.1694	144886.1918	140785.7122	100641.718	109169.3256	93588.15351
69106.7409	150269.1498	166728.4813	81588.8372	30518.23972	151844.1966	198265.9803	174763.1501	177952.1306	158187.5785	139430.9059	116316.7144	104779.9202	102129.8521	132779.5564	102405.6632
85267.40888	170352.8289	132968.1386	102224.8837	30929.65333	128302.2462	171685.1183	170212.2818	173501.3716	121562.3139	148101.353	146053.3565	111203.8607	101563.7276	78608.27441	104885.5797
74410.54883	176398.3437	132148.8453	96418.36821	28699.29904	125926.8911	181200.7918	175892.0381	194080.6751	158675.5695	166517.6959	130941.7745	84489.6634	104832.7048	105783.6113	102749.2498
53730.06639	181605.5429	128079.006	69212.77985	25672.56396	98488.0575	205933	179063.3901	138464.7303	153321.1616	155138.9244	158351.5347	123379.0225	99948.79213	99008.53837	87729.11208
103565.2847	142573.6184	152476.0791	93856.40921	25615.718	129140.6286	194722.2512	195786.7763	156063.2242	143081.1339	173271.6119	116490.1391	109165.5104	90689.03836	128678.1048	93748.57258
105368.5738	153767.9269	162134.9512	90258.11638	17016.98326	117632.5799	177976.5442	150017.8002	150602.6507	163971.5327	153704.0058	145184.2966	125954.7661	135187.3049	113520.2567	84023.70121
82049.62311	169964.1271	128800.4046	88519.96536	17553.54227	150574.6202	195364.4211	170315.381	168681.1474	160654.5754	132152.6109	147316.5981	99101.40205	80653.07534	113906.8893	109417.2366
87056.67354	139081.859	116757.2296	112946.4678	37741.12646	114310.0054	170993.5172	190420.6281	166434.9781	141510.3334	143134.7782	170097.9385	141872.3543	106420.7184	117085.6119	104088.5359
75653.27507	153226.715	163973.8854	96684.7384	33536.74097	131894.9255	197551.8331	171897.2466	168002.6981	142605.3544	145044.517	170550.7795	118525.4274	96170.76597	129519.7055	73604.7979
72942.19776	169337.3222	127431.3274	88239.16971	15482.62218	119928.13	192312.4944	198410.4835	171536.7437	149713.5773	137737.9926	131513.6657	109678.2965	101404.872	113841.1721	97793.89257
87802.2195	168592.828	149498.5311	106672.4977	18880.89677	133005.8679	181936.5311	175222.5835	186079.2369	113100.2252	143968.3467	105222.0976	106654.0666	120618.478	80330.87099	104884.5935
78567.47918	155613.0472	161937.678	107452.7052	32040.04727	141246.6417	180743.6918	197550.5408	144120.4854	133814.6026	129782.3943	110026.2045	117772.459	95423.00809	120949.8612	88795.96971
102650.5755	188422.0075	153220.4092	105499.298	31795.97978	123898.9087	156148.6783	165753.339	217040.995	139420.4278	159538.6115	127423.1821	120886.2116	77116.76843	117540.4823	106243.3861
109460.2659	161271.3932	126441.9404	106643.2738	29851.3906	132136.0956	178430.2687	164253.0795	171769.3054	122183.7286	160237.6358	148534.2448	118185.6378	99036.76177	105220.6447	104743.7615
96725.97412	178716.0689	153457.8042	87483.89258	36822.01984	145481.4802	216538.9643	223581.2888	176091.5571	130669.0232	128076.3269	151897.1633	123757.9896	84040.0659	127149.0095	83327.67371
76438.12377	162406.1812	175376.9531	89566.16999	10250.6588	135928.9625	200211.6139	174094.9337	156669.7798	146127.9569	116946.091	132541.5189	124498.9389	86218.22686	123352.4758	98312.98828
101864.7069	159479.287	141783.3157	106330.309	17051.31525	143535.3376	165218.1905	178761.8668	148971.3791	114891.0818	133360.5202	130432.4117	105328.2185	109958.6451	85729.26517	88337.89278
94258.61168	164068.9199	156791.4873	114796.3488	24750.43564	144096.6018	166958.3961	189225.6162	166436.2729	154303.4845	128424.1314	143662.3171	110337.8792	122089.1303	111929.507	78017.33764
82953.82691	148655.5161	131858.3529	84194.27593	12303.48517	151693.8894	191958.4678	146605.4244	172864.1404	136478.7875	150535.9232	129379.1308	120315.0693	119108.7879	115047.0292	93294.61076
79472.15092	146727.8154	117590.2347	119047.9621	20486.53168	132760.1091	199516.6425	143103.231	165385.9626	138143.6415	156437.1074	152764.4233	111852.1714	81735.18415	105821.2331	85192.34252
68279.273	167334.1204	149748.7371	83441.4183	54166.39078	153188.2454	184781.1076	170376.4163	149013.2014	130943.3209	147710.355	128869.7346	111567.599	96876.20319	119534.8817	95052.02784
107917.9692	162999.8246	144493.3979	82025.17616	33478.39491	140028.824	212534.7014	168463.1292	134187.691	157812.5383	120138.7366	105705.6971	116950.1566	98742.76148	108374.9042	97809.62017
106764.3593	149651.7019	165003.3619	77191.33259	49679.99269	145548.7044	189903.3664	197789.7184	145204.1587	111800.5977	140910.565	127600.0874	86864.37636	94757.23784	102014.8151	96856.4735
80759.1433	165988.5439	160502.2987	140045.084	24654.93127	146539.0025	144744.3547	188061.1352	181434.9352	150575.7035	123927.3051	134351.602	114728.3998	79426.36123	93357.9581	103894.9882
96152.41865	138900.257	149982.1177	60212.92812	14928.78433	174922.4699	167764.7529	143246.7361	139513.8629	134542.3023	155188.3496	119048.8708	113300.4932	92516.38687	127020.8488	127731.2681
99815.65252	171440.8026	153293.731	110911.5781	27039.62908	138538.9305	167332.582	181926.2279	162584.2762	137902.8925	128016.1164	162809.4599	109568.7165	113649.4655	97182.13854	92894.12113
70532.2578	172161.7632	156837.6922	84517.37281	30703.81335	144488.7864	195155.0745	172528.8101	139730.431	152343.0823	156027.3708	125531.4915	103058.752	85056.80623	131912.2893	83007.45466
119598.0411	157993.4764	169568.7951	120126.052	23167.0126	131969.7	158887.0804	187123.5793	152083.845	158115.0789	125345.6544	128609.5886	109537.1201	103182.6655	126083.1807	105460.1419
73231.1264	166209.3845	148028.9977	101828.9935	47935.22965	98184.10976	192084.9951	183970.6525	133304.2224	151561.0849	153837.3756	113837.1475	105596.1433	104299.5672	123959.6586	83835.88779
115045.5148	161596.4676	134100.5967	124820.8561	38392.18372	128358.5602	175375.9209	139652.3054	180844.4434	141312.0564	155456.4454	148300.4149	123879.9997	92645.63592	114928.8385	95036.0993
82834.25398	183360.7604	155772.0052	108962.836	44017.97762	107178.9831	212442.2312	170453.9563	146790.8675	122989.0204	142356.5623	139944.2204	111523.193	105019.0061	92227.9348	83856.15311
112861.34	160133.33	136409.7283	102799.7156	23791.14519	142314.0243	206400.7077	135658.8361	156475.1171	157195.1005	151274.521	141446.8578	112590.8431	107506.9877	91210.08132	101562.3804
97603.7687	162280.9704	153238.9189	101849.4908	23765.58528	156074.2684	181677.9379	165111.6666	131071.0237	129615.5947	135838.2402	135316.9598	115674.306	96870.66383	98695.80639	78209.25576
79147.78046	184179.8835	162392.4248	117786.5221	22013.69195	141380.5252	200787.479	162220.0772	187201.4797	155456.054	144086.2165	138834.3608	124041.9215	120304.7325	113779.0849	90786.68583
90509.6465	151403.7566	117200.1315	83977.08398	20404.08594	153185.7451	202583.8603	184792.5708	180804.6841	161637.5737	120370.1262	135151.8027	115901.8822	86538.24605	102532.0828	100279.6671
64685.07373	147135.9182	129073.2169	94479.73254	47930.84641	166193.9619	181797.2316	181213.4116	173597.6987	167513.236	147701.9356	135049.6438	98014.34021	92505.04906	119006.7717	69060.16887
92942.62795	174272.6241	137005.7102	112945.3164	17278.01588	106766.4064	209729.7144	161474.7476	133922.1354	146932.5739	145571.5527	135134.1259	116013.3037	110464.9132	106795.0465	90742.13173
92543.11959	167616.3235	119399.3466	83222.70228	50128.76071	142063.1252	232949.846	169748.224	139888.976	144474.9005	122797.2494	125666.7022	93666.85986	114742.5624	125258.9801	76415.89417
105439.4238	188665.0339	172454.2253	91960.54276	59869.03944	161025.8003	222583.6958	169630.556	165164.4305	151705.3874	158214.7684	116608.9634	129666.5468	130918.4464	111809.0916	81885.051
94253.06791	161630.7663	148693.8903	71758.13417	21745.11369	129863.0756	174902.1053	187317.934	145564.7294	140263.2063	147791.8247	128909.9269	125708.3531	106338.1947	107651.2918	57847.35627
78758.36121	168783.9142	138678.7121	117153.5958	45916.81011	115391.2481	182412.4754	177701.1984	191516.8936	137915.9417	139725.6302	134619.2476	102661.0584	128241.3312	113362.4351	109030.8153
85303.42483	176459.7129	158505.4076	99407.67207	38203.50196	122908.6363	168102.1662	203748.9074	136379.8943	138909.6653	128048.8647	129374.9833	127979.5796	103554.1143	123699.6318	109423.9787
74798.63348	153184.992	173561.6922	77113.4637	18369.19222	129276.2759	182807.3088	161643.7978	147162.866	124729.1769	160090.0654	117199.9724	112371.6565	91177.35511	123265.4535	95277.77771
98371.29569	147265.3379	133994.1706	79142.91247	41100.65348	104743.2519	156867.0982	191000.4691	173549.587	151558.5076	143927.3483	143269.2775	137912.3965	115610.0618	120233.9487	85724.77473
116690.7186	126608.0898	142505.9983	112813.3106	39311.58392	141476.618	227241.1119	154994.6176	176426.769	107181.4049	160671.1064	120571.0924	93835.54067	110736.1315	103895.2036	100465.2161
110157.7181	181475.8811	137394.401	98299.29028	37272.58653	112975.366	170508.6914	171232.0192	140657.7002	142996.8639	165667.7603	137156.2843	100301.2964	98698.70634	115492.3278	88339.28034
86182.26694	169589.9925	136306.1382	86685.6072	31596.23315	156151.6996	166571.7651	179484.4685	136896.6284	151803.7204	168734.6696	176507.8289	103776.0535	125850.6435	115548.7145	102721.2622
110866.6869	163189.6245	160625.6553	93859.72543	36197.51496	132643.8178	163512.9743	200699.2193	206483.9046	142310.567	166344.0755	125577.9236	120252.7523	103627.8828	138318.7926	104079.3343
93581.73466	153687.4347	182154.9037	106946.0348	21132.60586	146108.2747	175709.3487	182280.4111	149379.1899	169256.7032	158741.6767	130510.16	93690.62723	109093.3614	115876.5353	88836.94013
91003.09167	167329.8129	131297.9225	100502.7637	30076.80347	134676.5473	194098.926	194729.3266	208952.2309	128738.9217	144452.1186	134029.6435	127464.4144	112888.066	108797.5761	96600.76159
91532.67818	164150.5383	153569.5097	96823.95348	6979.905516	149220.2944	188187.3659	152445.5496	155806.5603	139052.852	148403.5748	130591.5491	120734.542	108939.3702	86187.65662	103968.6385
75781.80063	193263.4711	135443.5664	91611.39346	11044.23808	108502.0048	169250.773	168095.6026	128572.7524	140801.4247	159635.5611	133165.5396	117369.3242	109137.7375	118723.1959	94594.32167
71404.35949	171064.911	139304.3233	85226.74627	10935.5701	152608.9299	161886.552	169024.2316	161197.4655	131506.4526	145721.9034	132212.8611	122151.0196	104629.732	95915.55853	117792.5831
81566.58846	153854.1295	163471.3937	105467.5374	33930.30637	130124.4024	180137.5301	178747.4093	170918.9674	147518.9843	151475.4834	148816.5746	94060.49457	103099.017	89975.18325	95940.49578
116095.3271	178920.6763	142074.8487	69453.60641	38384.69809	136875.0913	178595.2787	181556.5909	157626.4228	147696.4021	137796.2057	157496.6321	108087.9738	114849.4788	155713.1666	95933.84486
89517.4817	183197.5972	152100.375	109453.7802	30381.21827	158237.1779	143230.5914	140173.5189	140991.4188	146202.1654	149694.4982	102106.5033	108026.58	99797.01668	116666.0107	83394.18338
75472.58137	165648.2133	143680.7673	94729.75235	21716.14268	150888.1071	152613.5597	170593.6207	154106.4832	152354.3237	167090.5214	137341.7805	106740.6978	90834.28224	113347.0433	103607.8427
97125.67912	136919.2666	147907.8417	85581.99415	43091.85318	168325.1411	174240.2531	185755.0831	177263.2413	148737.7113	164008.094	131498.3814	105516.5544	91908.93296	97224.00967	87424.96567
100496.1979	150296.6289	148075.3509	97641.35947	26499.77523	151563.5134	194468.1859	149826.7337	165706.8602	145066.015	137239.4198	114699.0101	117812.5559	132830.4571	95008.10358	79997.42224
71016.85204	143064.7753	154365.6809	101853.2652	38708.74988	129405.0787	184470.5506	157423.6635	139569.3502	158593.1095	135731.5739	106868.5646	103627.1803	110672.6594	130962.8763	107569.9115
88813.26678	182696.6013	127153.7071	105648.2239	17698.59073	125653.789	181984.3951	157824.4353	140276.9923	126308.6286	167644.7971	138736.2878	112185.8381	82966.18409	98532.8583	105476.9753
96357.89123	177661.927	125270.2346	62376.56524	47672.14672	128492.6329	204168.2782	169445.0553	146188.578	146551.8874	129331.5781	128880.0972	134933.3156	107996.4501	114428.7247	79919.61559
92604.49093	156777.1869	122549.5456	64010.57022	27333.87718	148230.0082	187920.9905	191150.3123	117789.2109	112532.4338	160057.8176	115803.3972	107855.8983	112940.2045	119712.0849	73109.03761
115455.6709	201994.1276	149657.5606	91261.12393	14475.5113	135992.1926	184559.7119	152190.2806	182638.9647	154325.2423	137566.4563	123466.5454	149940.6242	114520.6513	114046.9362	104067.7449
70282.92185	206684.5127	159692.7124	113498.3788	39496.70495	143817.9434	190984.9043	169004.3016	160883.847	162827.1876	149592.5722	126132.2083	116855.4112	102744.3439	112749.8457	93442.17293
96962.95217	164713.208	113881.9628	67933.10595	32373.01664	138196.0549	177767.7132	160449.1595	167360.9799	161591.2844	131536.8136	149985.7933	116256.023	104784.6419	107339.8264	85315.96695
70263.20402	194451.1766	171699.0217	79736.49598	18286.29634	118781.5031	219337.5365	211353.4019	156649.6681	158966.97	153156.5659	120671.5084	121193.5942	113439.3888	121838.3466	82575.3012
66668.05317	159140.5373	141937.0305	109843.4776	38833.27769	94811.38179	187709.9623	183514.68	162558.4562	122699.2124	143969.9912	125425.9477	107906.1969	115806.2563	120636.7593	85961.63576
70093.72037	166430.8177	150796.355	93526.99503	38588.85093	133821.3185	159455.2524	194787.2584	149154.8078	145516.1023	159780.7374	145112.0933	123847.6219	120868.3792	93454.51516	85562.26155
110252.0671	157414.9314	112812.5863	108922.1899	17832.46147	136133.2572	179396.0335	173176.268	140747.8429	156713.3337	145805.5137	126025.1836	110935.6536	84076.8734	112900.5868	94274.49657
98645.75263	157810.4442	163324.4915	73868.30327	35867.55792	121117.7552	199980.0169	161651.4654	155458.0909	130667.9984	145807.947	134091.7016	127739.1805	106662.0932	104465.3198	82335.04553
98915.69875	164885.0533	132750.2515	88732.62122	39482.72758	140595.039	202995.9362	178750.0042	168434.6228	127091.4315	137255.4104	143481.6641	111915.4701	111722.1728	126319.9698	80428.48009
73475.39585	172539.2432	134907.0563	95390.49175	36313.06492	99572.19224	191949.1144	134917.6737	139439.4274	167892.6403	162251.8541	170336.4509	109430.2043	105093.9212	93283.08257	89499.32354
105634.0979	196489.6998	148596.4163	121223.0578	30055.34558	150327.7903	173461.8395	164425.1043	149285.3251	182313.4423	155661.1632	144993.9826	119621.7147	101223.3555	113828.4824	106122.5587
109014.9258	197508.3773	130249.3743	74637.8259	29632.90999	143239.3343	157137.1519	191540.3274	210626.366	150876.5116	126349.3733	135877.8051	108874.6624	96840.40803	93054.49059	92180.09251
82638.96785	187904.3231	160524.6204	102222.9678	55246.67846	180605.6995	215287.6602	162995.3462	133891.7889	159073.6992	169710.8284	134959.806	104529.8388	108689.3106	85531.9564	88869.86948
100782.9795	187130.9268	173073.6282	117140.2925	17908.50898	110622.24	172491.5943	135773.0563	149100.3412	126647.4829	166230.1477	154710.8737	104930.3663	114894.5981	114566.6745	94860.98664
41328.80438	183666.1107	124536.0697	100267.3836	25173.12566	110757.6018	141974.5316	152929.7517	173090.4812	126882.2421	162257.4127	129716.7297	132152.1977	112553.8619	93591.15328	82793.96273
92269.84269	155888.3525	150464.7891	112968.6645	41800.99702	123500.1734	194109.5056	205235.888	152994.0029	158973.2513	127131.2386	150928.8544	115979.8959	103917.5731	123055.2723	88414.18413
80495.39604	182117.3472	160003.9218	83684.28393	53629.43231	153245.2909	175807.9212	190707.0382	159307.791	139430.4764	115444.6768	111694.7984	148593.0494	95328.91949	95694.69207	105202.6101
124830.3582	155080.8909	146764.4532	93661.30701	26174.30804	135160.2523	227518.6887	169668.6223	104030.9832	155552.5748	134024.1096	143560.5356	98007.65546	114542.1128	111700.2072	89911.25176
78722.31513	181749.598	134239.3937	109915.7952	23589.10552	143224.4549	188446.859	178739.7278	130592.109	155536.5782	137566.212	128625.6134	110644.8865	104683.7983	123536.2821	97931.32227
88513.89586	161494.9255	121481.8225	86981.78048	19545.95673	160767.746	204247.1723	174236.713	136218.9506	126404.2893	125093.012	135768.496	101777.4982	83663.37548	98701.21266	90077.26346
65678.03654	175251.2111	140051.7292	113747.5528	40837.80226	122615.7918	199620.4155	172041.2157	153890.0888	137492.993	161010.226	139025.9908	108562.5683	95804.12182	121621.3823	90531.78613
88008.10615	183496.6651	157665.7378	109673.8355	20708.57719	127717.7576	193666.2981	148083.6867	190341.6414	144946.0988	143513.3062	144788.9367	85872.35296	125140.467	105021.7847	104786.8918
100802.7498	169869.0062	138188.5272	92516.68318	24063.99415	116691.7783	159193.1327	189582.7691	134946.5984	143982.2338	144779.5704	109533.4911	108431.3464	80706.1619	125268.7802	74753.43283
96034.21642	178196.681	126473.7924	99019.19731	54648.38306	113912.1975	162563.7623	170194.7466	170697.2605	139291.0766	157060.7117	127395.037	125494.4225	116031.5161	55355.48383	123869.7824
103617.4849	169434.8591	134426.7788	91766.12669	38950.54383	163812.8738	196203.4567	146430.2514	137259.8106	136434.7227	160454.5851	128119.8805	115458.0422	115868.0494	103249.2325	80068.58596
99587.60913	162653.0481	149935.4435	109917.8498	28158.40091	141394.9601	156274.0418	178429.2404	171646.6559	145855.3716	145812.8068	143773.1731	99745.15378	110589.4529	100109.8475	90858.95899
82070.34083	173777.7255	131053.3972	139724.7988	27928.22411	115951.5831	184602.8282	171366.0026	162104.9227	143415.7883	149140.5216	156905.8297	113550.5686	114737.0579	102532.432	83292.8604
94379.45602	148802.7096	146980.8959	102330.2168	34512.02886	167346.2751	152654.0101	175243.2549	154733.5159	150336.3714	129348.4354	140238.8445	96975.75605	114312.8894	109160.8452	93310.37483
87972.42143	157998.0595	157919.9923	91990.50313	25709.62564	129515.9892	177557.7423	207977.4833	160405.2905	146884.3244	170979.0815	141211.7658	107968.2963	96585.69089	133253.7888	100163.3986
87499.02971	199587.4534	139352.4964	88901.78811	43202.84766	148190.5376	186483.7347	162139.0442	156337.7415	153646.3842	152416.4316	169906.8508	122342.8009	107427.4271	112633.022	90171.22897
82569.77242	186517.703	142647.6237	112684.9702	24166.54388	138860.8751	149617.2232	206205.248	170248.8796	140855.9053	151611.0965	144382.5971	103817.0328	98791.62501	102085.2224	117416.4222
66765.34707	153716.5811	147112.0969	114979.1515	31450.29353	117541.2293	201072.3768	180468.3973	150313.0357	137969.5017	142178.0441	128574.9956	115028.7822	84440.91456	87609.13375	88913.18848
80819.98436	160714.1933	145253.1747	91118.50073	18348.99991	133777.6471	182858.0429	148405.3031	135825.4352	139652.56	136140.1043	147162.1178	91480.4127	128520.3174	124491.5709	80870.6964
94239.03258	173189.0435	153415.3598	85589.86051	36202.40729	140360.1327	152168.551	166611.3606	172178.1382	135388.1788	145287.4866	142384.3393	122145.19	97958.4387	92808.20988	97276.70373
105781.1782	139253.9367	170930.6795	94955.85713	30755.10173	162026.1731	215671.8335	197744.7178	148441.9643	148356.3974	124912.7176	137785.0747	95283.16938	110405.4041	108836.5642	77921.38299
94951.12465	168508.5236	169699.3755	121325.6084	4462.531008	135959.9212	196068.2321	148275.2527	185925.2181	146577.2265	151846.3464	118539.5576	114784.7532	111608.3214	110652.6546	103280.8479
108998.7384	173024.8372	159536.3784	92667.60696	45098.7962	160850.3881	202141.792	173522.8817	158526.5251	136999.4116	120015.7833	157223.3931	94219.81698	95449.85522	126736.2347	109342.2685
89915.70014	153717.0405	156773.4331	114087.6658	36459.70949	149902.9854	179252.3187	171333.5989	182018.3773	135602.021	161184.8447	133201.2463	97151.32473	111710.1627	123755.4445	127007.1423
102620.1303	187443.5604	148375.4455	100578.2039	38815.80519	125317.3949	235087.5081	165041.6327	197286.0959	138251.0634	144961.2703	140257.3616	140687.9155	101813.0444	114147.2278	99341.10614
112209.0152	157133.6389	146098.3924	104312.1811	47018.79309	123107.1514	188987.1888	193907.1449	174430.6601	145909.8865	146565.5932	105410.8181	102366.0742	93772.0172	104847.0827	78957.67699
86683.83485	161180.0225	177633.2453	100902.6572	48839.17388	145449.4488	204919.8521	180191.4674	169409.1179	143300.8569	158440.0878	119098.9611	120396.7086	93078.18554	125176.4211	106998.5117
74237.21647	159552.1004	149732.7996	71022.60207	23502.2353	163907.3239	163822.9022	185713.475	174616.1513	153688.4239	112015.6003	129824.5718	115264.8033	108257.8122	128401.5556	103166.653
86288.51924	169680.0316	167285.536	83129.04155	47719.81202	138787.4192	195527.4927	177937.3054	150154.7671	156188.7264	154640.7935	145542.6437	94226.61782	102648.3252	95737.10606	83254.75624
88094.58869	156084.5004	134370.2905	87507.8487	27541.63428	141487.251	211412.948	201788.8265	184685.0308	131436.3258	162202.2336	162957.1067	124033.3937	119807.7223	91407.58329	101557.4887
70018.87817	194022.4256	135669.213	102972.5767	28584.39284	131364.8102	185648.0074	131135.3117	151073.2913	135837.4772	156485.6263	136597.2333	103148.6187	84447.89527	115954.886	96159.42962
70129.18294	186882.1889	145782.8291	80014.36799	17663.13464	142086.1211	130707.3478	201784.2398	147254.1617	178562.4987	138115.4058	148425.8923	121462.6249	95078.37766	106817.4055	64044.42277
97881.61841	169708.4008	151045.9007	93737.74948	44959.20483	143412.0594	177460.2155	169900.7804	187369.3101	132509.4284	148344.5601	140463.6846	134627.3186	109891.9943	137090.4514	94169.92016
103127.3776	148357.3677	141950.0476	106938.787	44595.28778	147333.0114	200144.8052	187641.8412	135818.2014	146146.7485	136837.5105	141585.4715	93297.11133	104465.0184	106948.3415	87289.1435
80190.20217	135839.9021	161009.938	86201.72368	14487.72472	134071.8131	151794.3959	163690.0035	162562.2877	171181.0047	149797.8975	139755.0397	142189.2393	115335.2072	124396.2378	78023.66495
102764.4307	157570.3071	144798.2375	126624.4022	33158.14439	160837.2699	213343.0485	182515.0852	186442.4202	158854.572	133490.5447	134661.5819	106414.2717	80131.51368	135333.9512	69731.27285
104303.5312	194599.3752	144847.1322	84425.59934	20545.18995	174797.2665	171265.1172	153198.8208	132593.0577	144818.7798	130231.8949	148541.6041	116380.6145	116183.6161	102020.5992	81584.94659
70309.34064	182204.7518	159635.8406	88998.1143	33718.63158	148732.8602	197843.3887	160537.8065	178171.8954	148461.646	141295.0819	120438.6044	103400.28	104885.3175	110989.7866	96234.90934
74640.28446	176883.1268	144882.4975	103717.1816	28935.22588	162007.1232	175187.868	182263.727	156441.4111	132070.4912	133378.9795	140292.1994	107013.0134	110402.1748	128439.1856	87566.79511
110259.4855	172287.1085	156207.1018	87623.74883	43884.06338	143053.3455	151030.0721	162096.7434	174961.0426	155127.7542	132515.2237	161223.5865	93030.49651	79640.37562	118951.2991	85389.88602
109841.016	169574.0854	135285.62	104520.1077	14721.92616	139849.436	146023.6615	150680.204	149137.8251	170981.3596	148601.9736	115857.1905	109052.9539	113177.1243	109599.6149	87753.3831
103405.9113	187215.0097	145742.9346	112708.6308	35912.22365	118401.3618	162136.4233	153730.1884	173491.6607	154095.2739	160141.8496	153608.4292	115749.6001	99113.09322	99275.94228	100135.18
72587.78474	161957.1389	181834.7556	117354.6529	44547.62633	134216.2977	173707.3703	190144.5244	136149.6956	134066.8067	151970.7163	116507.9146	104286.2831	104135.3334	139554.4545	91342.13007
93329.93687	165973.8415	136068.9061	78776.77467	27150.32731	159643.5069	178060.5417	166018.2458	169712.8121	163396.1353	134701.3524	157456.7623	108675.5087	111197.5348	136969.921	110116.1013
78478.25697	177649.3475	146842.5693	94890.46672	45732.4919	124161.3704	167026.8773	158638.4924	159952.403	172468.2074	110547.7712	158094.278	122630.1999	103201.1443	65430.46936	78834.77063
99134.94181	177944.5519	156882.9707	84061.12637	25688.67369	114989.1627	204270.0652	139098.8414	140447.3008	121281.3711	141954.0892	126951.096	115226.4819	96439.47843	136770.4003	105034.0377
74811.34901	181919.0638	120214.2211	97445.88924	36318.17274	165561.7141	162989.6994	181890.2659	159114.7929	133728.8407	165951.2065	139178.4799	118167.6714	103486.1145	143680.3983	112874.2963
80750.85993	160455.5185	151322.446	98257.61373	35395.14819	118667.1524	179333.7794	129042.8086	138172.4282	134469.792	146194.8461	136523.8027	112693.8396	91007.72904	130109.8606	95121.61373
98234.44961	171525.3019	153069.689	90414.388	26687.95242	141948.5257	174373.8665	157331.8526	157692.5424	163297.1755	147376.017	139791.5888	107000.1664	89305.32209	127280.5424	77349.62382
117645.0914	177594.6612	179917.1033	100154.9813	36026.01273	156593.572	205542.7998	148130.1103	152137.1652	146132.563	136348.8069	155182.2616	89493.46545	104606.3101	104329.3445	73147.33151
117923.1935	178057.7958	156296.5032	111610.4728	48121.13933	126398.227	200569.6915	170920.5766	185596.2765	122338.426	146252.5804	142382.01	111841.6508	100039.5856	120764.8451	107698.4954
66040.42304	180496.8132	148733.3733	83195.85695	33114.92521	137946.2411	155469.6194	161093.6785	191111.9531	147880.4004	152931.0545	132493.1698	98016.78742	111387.8209	101859.6833	96650.28341
83006.79386	200573.2658	112100.1216	99682.03453	29326.43936	128422.4592	171861.7124	155177.3991	172634.0492	137520.4491	146547.0367	120832.9864	104930.8256	97757.88624	134320.843	81316.06277
58377.45181	173481.0133	161101.8458	113345.6538	28081.4442	137614.5376	220782.3641	169643.7133	168536.4804	169843.3728	143213.5561	131750.6066	121935.015	103976.6754	112695.6877	101867.5854
82125.74559	181597.531	135727.8768	120971.4461	40864.82412	150634.2012	193898.3159	180406.1978	147435.6586	145650.6832	150550.8347	127995.6222	123522.9641	98931.76268	79327.44522	100624.6754
105248.2174	156098.6002	138235.1243	115304.0076	39597.11952	121399.7856	173476.4098	159760.7206	180738.4559	170172.388	113935.7894	128677.8331	100491.2837	122588.9198	129481.4744	79110.9784
105855.223	172977.378	153847.6924	99167.70872	39699.0118	167477.9348	177380.1447	198654.7266	176541.6932	137410.382	128669.1417	146596.5385	108075.9499	97030.57417	116566.6624	104097.4743
97226.01103	181699.1861	153504.2786	107737.4696	14152.891	135755.5116	170817.0267	146539.6634	173758.5595	138749.5396	147559.4697	148583.5984	122869.9668	106894.867	123439.6355	92945.63203
93723.6008	170812.1027	164382.755	84707.805	18543.62955	173380.2587	181647.9865	192454.6375	143979.3997	131631.4743	153811.2042	131345.7604	116683.1555	106942.0467	77751.5469	108903.9036
59750.45445	186958.4349	151397.1389	81523.9817	30653.62882	106733.1686	235955.0693	153958.1707	137355.8798	172363.4795	152426.1463	143129.5768	118788.2661	87766.91882	126828.1762	101711.2949
89620.83516	169099.3129	153099.6238	88333.3046	20226.77512	170184.6327	205596.2588	146526.6306	164794.4572	144883.3477	156150.5434	132170.7353	102718.0916	124817.5851	80878.92595	98805.73176
94800.95465	167080.3868	136548.3287	108292.8301	45476.59339	128920.1943	140580.6178	159336.9825	161057.5486	137749.373	183965.683	147306.2266	133496.4231	89774.29729	87442.88033	110846.3137
111623.1724	147490.9791	125848.6441	108527.6105	39309.2021	137596.2244	189360.2876	147813.5977	156992.6434	166715.8972	147930.1871	122832.8943	110627.4712	112408.2925	106095.1091	81688.55016
106396.6864	185825.3717	113659.4271	88049.53063	45211.07309	154576.1492	167004.8692	168945.3167	150951.3556	146754.8344	122906.4609	117336.8872	132491.4961	78321.86683	111916.1304	100981.7732
120445.8391	175157.8369	141233.95	91710.40961	29535.39693	140260.0148	190588.2298	165478.9259	169406.7173	132986.6261	126255.6465	139690.1156	130432.1362	115141.8367	111259.5034	96976.0251
100221.4469	165951.0309	159058.5528	107028.977	24869.02668	109038.3946	178706.6394	202752.8938	175096.9826	124564.7641	163104.1893	129104.8881	113192.8425	113607.9239	127872.5618	85136.81289
100870.6711	176232.7923	153204.3956	90959.68149	56090.40356	105943.0124	205325.4435	157013.6334	177097.052	168809.0814	158978.0365	140571.2257	108409.906	117153.8284	98132.93817	81204.20095
86151.10331	197176.3916	144874.0372	121946.7168	33099.10315	131941.3809	185602.0591	165692.0362	169964.886	137354.9631	160484.1546	145968.1048	111704.7178	95681.3742	102851.1366	96850.70772
88126.204	193839.1726	125754.7303	90830.62457	7303.187907	120520.4889	168813.5639	161163.7831	183845.3103	123210.7837	126358.9258	137589.1274	107290.5806	82862.72116	104256.2647	105305.0432
87220.53234	166112.5074	172223.5978	138097.9433	32116.25787	111187.6863	173392.074	201663.6086	185884.4706	136761.2742	137051.0198	147781.5022	104175.7598	104095.2893	120066.6771	103148.4127
90019.33865	172207.296	116097.0406	125021.7265	19038.69622	158169.6333	195890.5747	192287.1352	173064.8147	127088.444	155771.5304	129263.9965	118173.3023	110810.329	128222.267	98973.76421
102038.9767	157957.2983	142783.2168	78503.70393	12213.99882	151065.0638	205786.4745	177034.901	160991.6992	171909.7557	157500.0315	172215.0283	102977.8337	93487.25105	89869.67221	91660.69003
100035.1072	163410.1545	139215.2144	102239.9271	34958.25784	160128.5627	187446.1461	155030.4354	161771.7588	134308.7646	125656.6842	123932.2575	111368.4084	101428.9402	126836.8593	102976.7399
81987.22669	157875.2018	148247.3395	91557.27383	27647.22911	182459.7413	167743.4314	162765.3564	136029.7187	143150.1836	132114.0324	135636.5985	107112.832	100803.1535	99439.17816	100215.6664
88953.49839	173837.4672	148566.6662	90990.3145	44048.96596	174362.354	172478.0996	136951.5396	148829.9886	159986.1502	137835.7691	139824.956	101144.8774	110741.7768	98584.51022	99611.53198
76923.83554	176093.0824	137967.0288	108142.4445	20149.68819	121618.6543	173326.3226	186865.1154	197865.1598	115737.6191	145184.9252	129727.7503	99791.94417	108585.4513	125152.0005	78309.77539
84923.00766	150254.1311	153585.454	90301.5568	38762.53478	133595.7116	166100.3145	178373.6501	180962.641	140507.484	158557.5017	177577.1302	126417.5572	96890.21278	113610.4272	102304.0283
107329.7776	154475.4185	140288.2953	101931.5057	43383.85739	107690.3608	171740.1649	166695.6304	154059.4836	132099.3745	139749.0573	133184.1481	117034.6656	116167.564	87773.52373	88958.9736
80778.61726	160534.0272	160078.6109	104767.5661	42337.52919	134659.0564	199913.4117	177669.0191	158069.8406	142448.2008	148210.1146	115762.0288	152034.394	74218.43012	101773.2724	91886.09094
84319.84851	140266.2641	142489.4595	93294.66723	34995.88046	129934.4495	201533.2852	166405.4358	131865.6695	142171.9151	140920.2075	125471.0164	111196.2514	105806.581	119563.5734	88706.30955
82379.26611	175708.4199	132873.7066	119419.3534	49572.99315	148211.1269	153262.7559	149091.5928	160457.7216	130763.9781	172015.2816	152604.0418	112888.1343	114844.5868	105036.0506	109616.4104
77714.96434	180675.465	156201.7105	115505.99	27340.72118	142202.0434	190273.1636	184363.8993	156699.3482	150777.7189	145959.7532	121947.1742	86804.92374	96389.91336	93261.5159	96721.44749
106931.8183	142189.2508	125895.2802	104936.5376	29048.04106	154677.6364	146772.0176	181525.0673	163476.2836	152493.3714	133377.014	154917.6251	126486.7856	88454.33005	108111.3923	86979.78681
93976.58693	186221.3023	153231.7796	110801.8062	29470.86418	161110.4239	165771.6196	151792.7385	189825.494	158449.878	158076.2044	165518.2463	104308.3058	96434.13728	111277.329	101490.7429
120291.6645	173708.3709	168532.1053	89092.29117	35341.01425	133264.1502	169834.5699	148630.5717	148492.9214	138451.6251	134603.0079	144342.3016	112257.2032	114507.9682	124913.2991	87807.7544
70768.95932	181561.3399	126193.1824	84274.41691	55354.90557	160592.8241	181306.3412	176006.0211	148199.7111	157119.1129	161211.3881	140565.1686	125290.1457	135730.9227	128333.4094	102302.3367
98076.1491	165484.7894	166297.163	90521.92517	23708.67586	152098.5174	175145.8752	167099.9563	201595.5992	140916.2933	132780.1803	114595.6289	109369.3822	111439.3015	106000.9984	99801.64343
65484.74823	134115.2752	145357.2906	89068.92044	4445.507892	135824.5665	196114.6375	191527.1297	181216.7069	136272.6846	154158.5166	155548.8991	130978.5833	107688.234	106519.9646	89690.36529
70280.93621	170604.6232	163618.4335	110869.0079	41969.72231	144278.2365	153890.6515	159699.045	160559.296	137949.7286	135871.893	132329.2155	111801.0352	103367.4859	96703.95486	95589.52686
97727.22948	204198.5383	166819.468	120681.7152	29832.47076	159965.0381	251630.2091	168547.8065	168491.342	147716.3409	141113.6126	128189.8128	92731.55934	103243.0296	131000.0818	74124.23768
92371.12568	146085.5337	146529.5948	82548.70347	24066.33201	138324.8476	203474.6388	175992.0382	140697.2229	141628.5566	163758.6145	127687.4237	115240.6958	128269.6328	129249.48	103886.9395
91090.68477	159371.5213	145791.3061	76821.1914	22718.35584	138955.701	219344.3332	167854.437	197188.2667	141715.742	147779.5353	120718.0691	109005.2461	90412.31967	90354.57482	94060.99935
120347.576	173446.4959	166976.9928	81853.6284	42664.57813	117430.5986	201404.9592	185930.8937	192321.1035	131633.1833	151631.9019	146772.9148	115144.9556	103451.9033	132233.1043	69411.90655
91450.17348	153763.1818	150446.0536	92352.70596	43167.9695	175125.739	188116.3916	194253.7524	141015.0326	170596.6569	138800.8252	135110.7479	113614.6109	97337.5498	106721.0441	84229.3689
85175.79023	170725.1897	145134.6153	99653.33223	31047.90026	137047.4575	180508.2815	154425.877	156910.3727	149649.0286	135053.2459	144366.0399	107720.8792	106817.2623	109694.4398	77657.18509
82354.57756	159364.6963	128899.5001	105220.1297	35596.84275	136032.3056	211598.0775	169334.4029	130934.8814	134757.9438	152672.6821	147917.213	111840.8283	96309.42013	110248.8901	97489.78829
101330.9836	170977.6483	160428.4255	82627.83851	51073.78741	113461.4514	184441.9693	162038.9179	175385.8948	157547.2285	139710.7312	136080.5838	101912.2338	100310.2529	126018.9689	92087.18917
96791.17333	167146.717	152973.6414	83345.95855	34594.36337	135079.3921	199821.9296	148927.7989	176022.6374	165819.06	134461.1463	145151.1912	114921.7772	100863.8038	113073.5175	113581.5587
75995.65256	176194.5097	131431.3743	91929.80748	38126.5664	175857.0342	211999.2906	165284.7647	170752.4133	143917.0205	162233.9401	124723.3785	100364.8606	111726.2292	132318.6577	102571.0664
80429.72294	161331.5827	133273.9386	96109.20168	40644.98519	124047.803	152723.4359	160928.9365	170590.1519	139694.9498	150867.1123	120196.2418	108592.9327	94758.40823	120465.6882	69286.9785
104348.4829	183587.3197	124208.0204	124878.2188	23078.64108	155524.252	148041.7266	179680.8665	146428.9937	129841.3277	128860.2332	155053.0828	114524.5248	100018.6885	115981.0643	92471.17652
104752.4949	169371.6946	147717.1838	83721.59874	35881.49329	141388.0784	192911.2229	170212.3898	161071.3276	135221.1417	132383.5639	158678.3756	130014.6345	88490.44818	117985.6771	95523.45586
100405.2059	167677.1874	170244.9876	88156.74752	28903.17331	99487.53944	210039.3957	171506.1756	177332.5794	153344.4411	167621.0604	143999.903	131005.7552	104349.349	122162.7291	90928.75467
105743.3864	171999.0014	146530.8462	93864.19173	51595.92179	145074.7895	183287.6849	194806.8857	157271.0447	166921.9389	161783.961	158489.5801	89170.0283	109509.4725	121874.9326	98345.85326
65897.38072	198292.9843	159600.1224	94064.84849	28767.32944	143364.089	171116.9903	136372.1839	158830.7345	159633.709	147981.9805	129380.6134	142576.3308	128945.8451	109052.0663	89458.31657
70455.40952	196078.5935	116327.6598	90775.0166	43017.19	104946.489	201608.1498	181190.1437	187247.8354	142304.171	161332.6561	159002.0476	85892.17163	81029.12903	112934.9261	89845.95562
49774.8222	154289.8397	136178.4935	106137.0157	48476.50807	152292.8804	199760.5305	176909.8259	149066.9521	141649.9241	162406.0533	110533.9948	112153.608	104642.3601	108685.8298	99252.80454
92775.76933	175927.2559	150163.1427	89631.74564	39841.14409	135585.8243	198074.7795	119988.0716	173627.8193	154603.9625	165306.754	119336.8283	122777.2004	126891.0681	101667.8064	80733.39216
101980.4211	169317.6797	126886.9465	74115.17403	50172.59964	130668.9527	167065.5669	183797.0598	166689.0546	138194.6336	144007.6867	142708.515	113374.6459	100068.3969	115714.2517	82109.0507
118873.5651	189856.8061	162015.6307	100129.234	16920.98294	124305.668	193106.346	171887.8987	176397.0735	154341.8863	116726.7254	130026.9698	104932.6693	111670.7694	102623.5739	91033.17653
64908.02206	179083.3382	122396.152	80823.33314	33774.16172	143193.0037	198683.5643	151630.8399	150978.0358	124000.1828	139133.3935	115291.8587	124756.2499	96429.71558	93370.42105	78669.01332
101582.1017	172930.8084	160832.0576	106172.0193	35145.668	137310.1417	203541.2557	170832.2843	160336.3396	148562.59	122525.2847	127227.3097	110173.5974	104781.1037	122648.7807	96508.8667
79526.01883	142294.1286	174603.506	126481.6372	42471.71339	113061.9154	158851.9999	202432.5433	175491.0638	177038.3747	144942.001	157212.4	102953.4826	101868.0103	135727.9772	110143.9355
106964.0459	148620.722	162054.3644	100830.7446	14132.10469	147658.0619	229619.2644	182094.5345	199881.7377	155219.7686	160768.2903	123298.6946	101899.3874	91791.32963	127341.4761	81830.17667
89568.47447	147503.8048	152521.8781	89734.3219	29668.61657	105158.4063	199030.2923	179761.3099	190677.3863	138772.4599	148544.4023	139516.3838	124023.8126	111812.7536	88593.61568	78178.55896
88109.05628	170160.2851	142647.5703	93331.52818	30607.48398	136966.7042	196120.4244	150091.7219	177612.8032	154102.283	143465.711	124288.6294	120397.1156	101171.2322	111266.643	80982.8366
69497.35415	170540.0826	147398.7449	111653.6123	48865.3877	137499.7833	201145.1088	155383.2127	149586.2658	122787.6771	144982.7888	138378.8733	105501.652	109184.0184	95115.19816	77359.4065
64826.20243	179451.6066	129095.2199	93205.77899	26536.25779	109588.2794	224730.9241	222998.5967	176306.0728	147133.2573	129271.6645	94290.63359	138050.8469	110507.8778	119332.7122	103114.3098
114608.4086	165079.9853	128712.924	102929.0891	25678.05075	116905.8273	220609.7116	154979.0793	150666.9393	138563.4356	135156.9208	128721.1104	117963.2076	97953.27705	110600.5385	90681.7833
88028.22376	151014.5962	138196.8194	92273.64793	39651.40632	128477.5874	190813.4434	151276.0643	170846.0176	151540.9522	125653.4517	160225.8766	123565.949	111032.8134	99720.36188	104149.9419
95697.82937	164051.5612	145985.7911	83393.1112	24027.89734	108287.0487	211648.7408	163583.6572	184832.9295	146461.6946	144455.3661	110935.1649	123881.5106	92166.90248	107568.1848	72490.45183
78383.76228	167928.9556	127830.4044	104966.0802	31960.58996	131542.535	164810.0894	157962.696	157611.468	145596.6156	148844.9755	121660.8743	107535.0979	99223.32465	108532.2567	74837.30551
115245.886	177758.8434	155378.0591	105290.2872	36823.79831	170770.6321	182169.2358	167101.615	152843.8023	151030.7856	158304.596	123029.172	119984.999	96182.6235	123715.7313	95275.51542
91177.76474	158062.6566	164964.8559	108533.9905	44746.2458	114914.8755	148466.5255	172641.9033	150433.4651	132318.3197	172644.1108	139703.7321	114020.7036	117430.561	95491.54962	80090.91264
70880.67003	179642.3762	146993.03	83972.34445	20344.36715	130474.9966	152997.0042	167572.8759	160767.1998	131488.4176	116857.1363	126238.0648	127953.7078	138816.2899	134261.3644	88957.75487
91930.71393	190973.0687	154715.637	59796.42549	27347.13817	147139.2108	223129.48	160141.1553	165389.5056	125557.5707	130558.6541	152763.1942	119206.5091	109562.1151	110698.0419	100322.0377
71283.94658	170170.6774	125840.5242	103863.3421	33441.55815	158514.4158	159957.7806	134189.0971	163794.0034	166919.8884	127300.5491	121667.9304	119528.4008	114353.492	134404.7392	92423.98772
87957.68548	159708.2719	149645.6382	105504.1895	36978.67179	127368.139	156773.5418	172965.4144	150570.9449	174315.6833	144491.899	137589.1922	147043.4466	111435.3911	94138.58007	92130.69145
101317.7578	155381.2861	144491.154	83130.94585	16933.91227	153932.1071	186430.0938	151295.9117	186157.0053	157151.5968	128834.7186	145808.0525	136174.7629	95037.56303	112050.0232	114725.0019
90857.09188	179309.792	151693.6989	102419.4584	47665.85442	157847.6367	169830.0051	163659.7906	152524.2665	166417.4798	143669.8123	130536.0179	121425.1888	113437.9513	125739.359	92418.04727
86473.78822	178185.5222	164451.3572	94528.84055	44001.85013	141662.1498	201650.7998	171536.9092	138609.5365	149122.819	142295.2758	127199.2711	114956.0893	98252.38879	108907.1496	102309.5864
95760.8619	166965.1148	151481.38	101004.6638	32651.53465	150304.0316	195202.0568	152460.6176	137041.8299	144916.3761	138056.1526	132203.5106	106665.033	92988.93793	95504.1873	74287.70153
89131.46512	169882.6191	150494.8136	119389.5795	41082.6845	168764.0285	186718.7399	186613.5678	178437.0847	114351.9951	153194.7337	117956.3061	96067.30159	98712.89867	94645.43363	97607.11294
87875.43752	173799.6599	153959.2211	97571.75736	24811.16297	124498.9934	191989.9755	172008.8491	160355.5456	144569.9881	124360.8967	156199.1194	112742.78	86376.13502	115109.7338	87607.54228
101153.1163	171699.5679	133101.9222	126391.5093	33563.45839	143322.3144	197068.1031	188330.3409	174291.5375	156468.0447	140700.7111	129625.2038	119806.8888	121231.7946	71917.17562	87846.63648
124380.9383	166278.0249	148593.9365	102646.206	42086.06048	170300.4684	176998.6917	166682.6473	135989.1178	139578.4166	130489.8248	150554.205	123555.1084	99633.61398	122973.6058	96077.32702
89147.0686	186895.9903	160319.6119	86794.36686	37166.74513	180808.0041	174188.718	167763.6075	165641.0957	164705.0741	143676.4019	151551.1748	99179.14684	94386.84443	124968.6843	91236.46443
68929.93604	176510.7188	131717.6826	87656.47017	33280.24126	146296.8464	186991.0059	174604.7463	142886.2872	167248.1661	112069.9161	131039.2347	114159.6717	83911.55448	105486.9242	82020.70436
88807.89897	166615.7116	167761.9742	99471.4085	37153.89805	136871.9799	151963.4504	187564.5132	174291.6122	136724.3044	154571.2423	113702.3389	123046.1512	90067.03204	121418.5242	76594.00934
79150.84293	153471.2432	154479.5434	108905.5104	26939.27684	148349.8489	166529.787	182551.9397	163243.8817	131070.5077	154337.2961	131645.0947	103713.8831	109845.3015	89252.71567	101060.8374
73675.09945	174661.019	119558.8164	97947.97937	22304.61881	112723.9033	147354.9395	155799.4045	156080.7794	173952.7766	125112.7918	124629.8104	107129.071	89057.9015	102490.1643	72482.28843
125554.4619	180905.1193	135864.2494	83184.3377	33116.36111	130216.9537	133295.4965	193056.2474	145105.3334	152123.1734	158104.1892	108987.4167	89713.94542	122919.0923	96248.62394	84115.81296
91538.20804	160937.1143	145253.5046	94811.38572	59858.01732	113426.9032	199236.2407	156550.5311	147885.3629	147438.0012	141918.3083	143478.2163	101505.9013	122460.8841	120676.5648	95578.0012
123264.0437	162668.6336	177239.3475	97257.9495	46186.72082	114973.1144	170111.212	186084.2677	167978.7986	138654.2748	132403.5667	145578.639	122647.3567	103458.5778	102328.8085	75818.0556
90116.77312	197345.1282	128995.9227	80518.50207	15307.28107	127989.6394	220816.3891	167393.0875	189131.4508	115207.0336	174935.03	130656.5659	109397.6936	114577.0481	103070.9515	87171.29172
98391.79826	168281.0748	127756.9941	102347.8468	26668.40591	160946.125	201147.0135	144397.1539	163664.2238	156421.203	138624.3991	138998.738	128497.2425	113678.0164	100690.3398	76014.78861
110728.3027	184101.4964	128763.9686	94483.00665	9347.664301	118481.918	161179.1144	145384.5066	141073.6512	132691.7314	140970.6603	138133.5904	123457.6341	118940.4648	175681.7547	87703.61634
66441.39408	163652.3471	133960.7471	97922.36655	27386.17477	143274.1263	247873.3041	160671.7146	159235.7572	168335.4916	138210.8831	108646.4201	102175.7377	98466.73128	108720.2421	92447.1156
75111.31464	155423.823	119872.337	107340.3492	21776.56879	150772.1832	186734.1695	183313.5669	117775.4592	153025.0782	152712.5423	126861.5824	122644.7227	82630.76339	100731.6912	111537.7763
89012.35952	147453.1514	127013.5192	83373.70181	40091.60836	105092.7906	209019.3835	164332.9016	137834.9222	157191.8462	164409.8076	110267.9755	103419.8196	90900.62825	96857.95429	73849.50345
81334.68844	159905.5843	131724.4835	76806.6381	44549.24319	152079.288	205831.6037	176052.9361	162433.5778	152940.6626	130596.2955	129149.6221	96579.5722	127092.6072	110714.8748	101052.1584
76354.32333	200222.7901	140153.3446	113463.7178	28537.89244	160070.5377	178739.2463	166269.5056	124859.8427	174321.8762	136838.1812	124997.7766	107311.9407	105314.7069	126762.1467	79390.13491
100598.9375	164921.9483	136392.0878	93215.16648	24692.33063	133551.7947	214036.3698	161982.8929	158785.5286	127130.4743	128733.2606	154894.3243	132065.6371	110738.5259	107980.4335	74473.89979
53403.58269	204487.8435	120338.9898	112987.8006	32168.62454	145762.9879	163749.0447	167673.5338	201193.6546	149490.0488	128336.783	122867.7321	116287.7265	99832.27766	87984.41707	99821.38756
83465.48645	196419.573	134408.9644	118197.6053	45389.64346	120991.1158	180870.3755	167822.195	179299.0632	152288.6457	137433.1679	124075.4668	116744.0987	114336.066	119262.0663	97432.38261
79849.38651	156199.3115	164566.8305	95781.15614	9628.89525	141849.337	209210.6341	165042.4263	151467.9305	152115.2455	156217.4022	145930.5573	112728.2896	117684.3902	90159.21667	67321.19267
78109.89854	185115.1795	130379.5682	81664.19284	38858.95155	161517.7873	154700.4102	156348.1598	169539.6527	159651.8564	162185.7759	154989.7286	125480.5093	93690.65149	68886.99567	75513.66381
88777.21507	173327.1296	162312.268	82737.45638	7818.013026	105058.3906	205350.406	201789.2114	159217.0838	140398.7826	170183.5596	139464.745	108006.2053	114411.7285	115634.8404	66102.56858
84054.845	173020.5105	118503.5167	81835.3935	46552.85982	157726.4474	153529.8551	177562.0018	130814.3865	160905.8853	117944.6984	142663.9694	100631.6177	112227.9177	100612.3106	86796.18313
91214.4172	164340.9055	152933.557	114485.1476	31533.52812	136046.5448	193897.2031	134543.7384	165316.9361	132838.7214	142480.3734	141602.8323	126284.7668	91485.88772	98558.968	82041.653
70286.83305	174641.4264	123084.2952	86203.33163	49618.67752	130365.6674	186004.4536	178699.6488	187554.818	129602.4233	142262.4166	112425.2418	116162.4919	114851.5207	79822.08022	83563.67849
101627.3852	156510.0439	141176.5953	105082.2696	21741.74615	142664.1076	177507.0636	174593.1309	168568.2169	131072.2948	153542.8159	144447.4806	136207.4266	105326.1927	93905.34977	121463.1414
71319.43869	188314.491	163463.2712	78970.2409	12592.3659	143227.8241	200364.0279	207633.6803	163372.9741	151069.7328	143062.8318	140559.3986	110265.6702	115426.1774	115314.4133	93909.3563
75965.52648	198804.2564	139806.8039	90523.32033	32049.66009	151000.2364	156845.4255	154264.8953	190094.2606	150949.4031	157393.2097	114265.0964	132028.5107	111852.8913	109019.9138	96543.15797
83373.11706	171801.1798	147726.3009	104965.8315	15801.42834	139201.5038	170414.5069	158495.9225	122278.2373	133272.7492	155736.8261	139847.9225	104739.6322	94509.57372	127551.2692	85727.37111
89307.88092	189431.9895	167237.149	89327.05912	33492.11023	139472.7101	163780.7684	139312.9557	146404.6039	129650.6521	145950.7561	129329.3504	121374.82	99979.2697	92457.33241	101656.8899
105701.5307	169313.8873	128722.0437	93067.83327	8514.166919	131195.1479	159938.2408	126855.2958	170869.5507	147116.629	144855.4162	111953.0653	127170.1518	113015.99	99727.51052	88299.17399
103911.8562	161947.1929	161689.3514	78066.56665	20731.95584	133377.3242	192200.4868	170476.3443	145124.9217	153266.7365	148320.8233	164425.0643	87215.65766	110835.4467	101694.2733	73718.31516
90121.96097	133804.5139	133776.3936	61166.64328	22083.05255	159914.0714	205911.5519	152915.1224	181767.2484	143062.8201	108961.5563	154073.4871	111049.8982	100855.2701	92107.7543	94093.04465
93336.1203	182284.6723	155513.5451	117547.0737	12509.74795	119367.8313	141520.2007	183339.604	171400.0195	134248.5552	143821.3729	134883.1836	98337.21843	99141.01055	105148.5831	81128.14896
93774.24077	200102.5666	148569.7821	105474.6447	23860.57192	150855.8066	153829.8363	164876.3574	124617.2268	126190.8797	146024.54	131910.0993	133028.0879	112043.2672	100896.9002	87831.72471
84961.64828	186346.3688	139611.27	96562.59002	60755.89453	176884.0396	178352.1847	149487.2845	151983.6491	153900.5339	152036.9736	137127.2013	120412.1432	99291.45105	110542.2988	105172.9011
73416.90382	166451.0204	159547.7006	100566.1209	14947.61039	116192.3605	182033.4172	165655.6977	150498.2142	140333.547	141171.4852	118101.1012	136148.2266	92527.43488	103987.6734	67838.6406
91828.00583	167360.3675	150211.568	97743.09066	29673.16278	152828.4791	213381.9961	161967.8756	177889.0503	125986.8831	149820.4809	128928.1551	101226.5728	122293.0048	101504.8854	91034.0066
98635.85587	177041.3582	180869.8098	92430.53812	18664.84488	144803.0062	196694.2328	180943.2901	148759.3628	156675.633	147683.4668	138285.6213	95373.01174	116334.5314	107337.4256	108711.7838
90180.63306	175799.7568	147172.5838	120891.6215	44799.82292	142670.5415	178516.6665	176657.283	142678.5549	140466.6605	128609.2025	151261.1151	101408.1234	96233.89668	113175.784	82031.90882
98992.09367	166438.7195	124791.6485	97894.48794	49561.62783	153245.8618	194626.2134	163476.3433	149056.4813	115446.535	134233.8105	154344.741	135468.7371	102011.1687	96747.45922	95347.96861
81279.21566	167934.796	142315.611	103465.9411	20040.97026	149160.7877	196457.7465	174900.2848	145856.1213	124689.3318	153463.1317	147498.4458	107532.7572	111404.6391	92217.81101	94156.23044
79223.00659	184332.1143	176127.8112	101619.2468	28786.70019	151158.0039	186078.8758	186202.495	196698.0831	157591.6865	124458.8681	137884.3554	87790.3983	101110.8663	113290.6804	93591.0092
67213.22216	163711.4489	169026.6992	81091.45381	10402.57913	105420.861	180124.9364	193985.7109	158625.7959	141574.6068	149850.9988	144129.6562	127863.8437	116936.4229	99181.73848	79215.41943
92531.03271	178911.3154	138400.1779	78542.04045	51414.612	122761.1384	160403.8863	188402.199	180655.8926	129704.2727	142602.1656	128670.2124	102546.0837	116801.8651	127246.9394	104712.406
90337.39174	156005.6662	151319.8695	116283.8745	69860.98622	123340.104	180272.6958	148802.7034	152263.2771	127888.3532	153909.5728	157104.2698	105760.4351	99046.32789	114787.2604	86147.01151
87892.41652	146155.9503	140190.4098	67401.39619	29001.89043	118285.088	159219.0322	145521.4459	153194.6834	141638.6613	145861.5639	118215.5148	122477.6533	129225.3221	116346.7119	104815.4637
74353.091	184250.4253	151196.3754	92531.41105	19617.6764	146385.3432	207517.6055	170017.2959	149868.4179	140396.5002	146224.8958	156320.1872	119685.507	101619.5951	127938.7628	107114.6956
111630.5944	164586.5179	149648.1367	106535.9862	19607.82331	157076.3733	190700.089	176289.5142	158961.5771	162422.8903	144350.5189	130636.6244	135830.9349	90378.53332	110160.1687	97577.94945
117316.9578	160642.7731	149226.704	87476.52586	33241.07982	158081.7782	207108.6769	180344.4601	170922.9701	160501.835	170107.369	157037.2277	132429.8798	113566.5781	118743.3588	102615.444
81527.76801	156646.4606	137489.4044	107827.8938	27220.80644	124639.9499	207575.7806	142400.9296	175807.7815	138583.1422	149167.6647	128313.0926	103937.6977	102979.8677	100111.843	76287.03526
83575.77797	180007.146	129259.1413	111518.0754	29906.73973	137305.4179	158078.9683	165230.6836	197560.611	152005.8027	156758.0149	116101.4914	84656.84374	98227.30608	127549.1206	85341.43935
63889.04048	173880.7679	122369.9114	111093.3532	36546.55235	159005.7097	218427.6577	201726.4162	151059.9145	159205.139	144198.7805	129915.1871	112268.3383	118952.3768	132144.595	102525.6743
57014.95996	172956.202	129465.3067	104741.7533	33113.28678	125000.5558	207278.8221	175183.842	90917.35526	150933.5233	170454.3747	153960.2116	109163.1695	98808.16683	131620.6814	105003.7987
84752.30739	204309.0248	156320.4134	114102.0236	27409.57921	121878.2815	182676.8083	160254.1093	121855.9014	153981.1748	154487.5198	130299.2067	106697.9399	94793.42265	113620.9549	99898.01085
98324.80471	173259.8432	147636.2455	74806.21734	38367.52079	136385.3148	161919.4825	159207.5752	153884.8739	124497.3689	142262.7386	140152.1425	79115.70255	119016.705	111740.1223	87457.39092
65226.36995	177177.5385	107865.8018	94037.92731	24244.64506	143130.0785	151080.0358	136987.3546	159420.7795	152098.8686	123266.5242	128562.3451	116412.0503	97210.60918	104371.568	84888.81905
93192.06877	175358.465	144290.0943	75944.27218	22558.23161	163544.9814	190261.192	160692.9043	145619.4449	148821.581	127406.756	118225.0489	115351.7523	103542.09	119951.9791	92230.87906
123983.1904	172703.827	135945.2359	72290.17199	21086.74736	150116.7226	174249.8067	173809.3435	174146.1396	130565.4045	163178.1415	132844.4952	136233.9626	110972.9028	104326.5253	106659.0684
109080.8638	155414.2679	153983.3367	101765.2187	39687.10354	148842.0345	201959.543	175438.4702	155730.7751	145523.5716	124538.4442	135601.5439	109791.4793	93655.01027	114548.1915	76710.92812
134031.1235	175771.7301	153974.192	115484.2951	16000.34126	159870.3465	193923.1085	169436.9803	172594.6212	127243.8824	143242.981	114531.4808	153137.0043	101953.266	114154.7179	89184.53933
93845.0733	162907.627	166829.24	96449.73269	37391.55635	142149.1523	166921.2636	192670.8308	174168.1874	141390.9775	123677.1091	138138.9584	141167.5763	109121.6232	125074.7603	108929.1132
80655.68372	156940.059	153561.0918	90540.28424	9082.045946	165316.9932	185672.3835	132549.8134	166066.8426	169572.3946	148348.4787	153032.899	130513.3021	104622.455	76130.17569	80047.27819
45986.26726	174197.4779	133330.4998	103284.5704	17344.11191	135459.8285	181629.2749	165640.2712	123801.6117	133401.6499	169087.3972	139434.8664	99580.90659	107539.0405	117999.8872	81605.76446
75645.13191	171301.0131	138137.3774	103575.0286	29111.24303	137320.0276	157901.8023	140863.9307	156898.3902	148999.2948	146697.3299	131710.2582	116184.1917	103306.748	107678.4049	74655.30918
115233.8891	154458.8199	109245.5452	108826.589	25125.53723	140317.7852	197591.2648	145966.8159	146477.5529	146218.2798	114414.8655	107708.1264	97669.32104	113513.9689	111253.9092	105481.8414
109853.2828	158117.1153	178703.0428	107312.31	25965.84274	120848.1135	184918.4569	181021.7662	179187.0926	144224.7997	144348.1582	132007.2708	118488.4395	91291.8141	122684.3425	107524.7684
94270.48626	153535.9281	162150.9583	67556.16175	52441.05272	123223.5436	146634.9127	183356.8476	165545.7138	159499.2929	130216.7997	119928.5849	106371.2134	97052.03386	119214.5297	91027.02546
80233.76598	156199.3356	134118.3807	69550.004	28700.00018	161047.4736	178154.3717	160959.4499	168139.4095	137588.813	163402.8083	147091.3787	115947.3974	120248.5025	93780.29315	97399.27803
85872.27418	150012.3441	122252.8236	69388.2667	38862.46567	126943.8085	167404.91	207175.767	167413.435	141512.5364	141459.475	128193.6676	98136.89233	102702.9233	83574.13438	87860.12622
115462.4462	163402.6522	157251.6626	92735.8283	33179.35483	131488.2061	177025.4891	186161.9181	169132.8425	122943.8909	140498.2016	155510.8506	102982.3514	127950.0285	113681.3931	75533.6769
90361.11203	179393.0085	131297.7101	98290.98421	48411.35264	182883.3064	186208.9921	173833.9401	144568.698	143930.6973	149082.0467	146329.9239	124394.7859	119907.0656	90616.45273	82783.05371
72689.21564	191944.9438	124488.776	103602.039	27972.72396	135873.2244	169608.0427	144245.157	143509.8886	153485.7534	134518.7069	132634.7872	120176.6996	127998.8422	115436.3195	101080.4168
107478.5877	178158.7471	157513.0696	107317.0936	28891.79491	126887.3981	212977.2085	170293.6643	194436.3946	161833.2995	127903.2342	171966.3616	124252.8845	113261.5569	116733.0997	91878.86647
100155.1899	140419.4515	140415.6506	95216.78444	18936.9592	161614.1398	184042.9306	178878.2689	171360.9459	152799.4003	131206.5394	97270.02718	102396.1497	94683.77246	122025.4387	101946.3031
92462.67798	147074.3168	121823.852	102659.5701	70215.29452	118691.8811	202491.7029	191326.2719	149952.9102	161270.8417	143600.4552	139223.7016	115225.3754	108534.7477	107517.9212	71769.39409
74566.81152	173900.2275	110625.887	85685.00878	8797.853507	116089.6725	192033.3973	168924.3167	178108.8675	171045.199	139105.8706	136544.9043	105142.8477	95339.14928	100198.9717	101834.1074
97121.34689	153081.7069	140021.6845	94690.99264	10508.31135	143988.2846	186363.3057	196837.2432	142019.6824	136740.2205	119926.8358	128594.5052	108004.3268	115914.7179	127317.0106	72354.59172
106478.5762	144265.7621	136187.7433	106033.3162	46638.16732	120256.8975	180445.0486	196134.2758	157960.0187	156293.1574	139693.9019	142932.2026	124387.7645	101987.9236	144590.0991	57669.52555
73258.09585	185269.4834	148146.1156	93351.90222	51368.34601	127015.6114	211970.4007	165434.4262	146190.6351	114599.6942	137712.2383	93551.33732	122567.1847	107188.3044	121982.8409	85684.22206
83588.45443	173359.3382	139301.7415	93086.70474	66708.14976	146940.1456	192408.814	158478.3912	160523.0183	155097.8038	148229.7008	150468.3535	117377.8071	94652.62745	97089.24206	97864.94121
102347.6215	196509.7113	131702.1977	107389.1387	37750.84544	124380.3783	180546.4787	170681.7197	112643.9457	125617.2024	144357.4327	158049.7559	104963.4035	112402.1333	144268.4273	82915.44978
117177.0814	160411.7936	143043.6376	98826.58167	32655.70228	161653.7702	193309.4647	169021.8714	151851.214	131303.1465	156846.2188	132517.4516	121609.9608	120830.8844	108905.2577	103507.8766
84603.14688	179025.8663	142535.7539	92644.78724	47309.07448	122304.3253	183942.1907	199458.2881	148779.7471	115915.783	142375.9888	138843.4164	120851.8246	105079.8514	86172.99838	107673.2598
87533.63497	193875.2215	133622.1406	109594.2905	39729.74823	176066.3116	147755.5587	158603.1432	110801.9762	155609.9715	154934.3993	118748.0363	114926.5373	106186.1382	114072.5236	93943.189
83151.71598	164039.3188	163847.9095	102707.5927	39036.96305	145710.2245	182662.1583	166136.2924	180196.8236	130196.1296	139408.4508	141399.3487	88754.41983	100035.2063	113754.3173	96898.11014
103589.6022	157843.599	143073.6837	96167.52322	25260.03344	149044.6742	181516.8316	178997.5887	167075.2687	149860.5313	163489.0617	129293.0518	103821.0328	103661.0381	108258.3418	90083.16394
68927.93073	187572.6639	129487.5391	87212.92204	14271.93921	102977.3114	150125.1706	161308.807	178221.9077	145468.1627	157390.7428	150940.3824	132989.212	93269.31989	105898.2451	85245.46901
106876.5584	172333.2769	143889.0474	84139.13343	35136.95097	131568.9253	189251.5946	173942.601	159255.0076	130262.4993	138487.1953	117759.5952	95328.67745	96254.04586	117280.729	84694.49064
67818.79497	186778.5717	150191.8579	97219.0216	36446.31195	163325.432	196876.5114	162597.8007	178572.4485	159386.0253	138222.0158	151471.8653	110506.2845	115492.1606	119041.7583	74452.11985
83669.60381	148122.1445	149405.9824	98328.28369	42767.40372	144695.6514	164026.8499	150355.8908	142964.3152	136735.7112	173180.2651	143094.9913	111123.9713	101236.1103	125058.0139	94265.18994
85741.6489	181290.1812	157518.6522	85656.70473	51240.61243	139437.8471	181829.1512	112768.1433	152445.9863	137222.7611	146391.5761	133555.3537	113340.4467	105622.297	112993.2849	92466.60014
99580.18623	144479.9625	150415.0518	97319.69878	42271.9531	98038.0105	204633.2262	191860.7273	190257.7993	157018.8292	128454.8995	120551.0984	119134.5721	102433.2864	92126.11444	67886.28937
80366.42768	181058.7438	143218.174	106030.2737	21029.92298	117957.0459	155355.7023	160618.4012	151521.6281	156917.194	145884.3606	157070.2854	119106.1441	101822.2992	116700.0791	86548.21764
84984.33892	190742.7944	159922.5435	99936.85327	27081.0794	145133.165	158304.0931	167746.2308	139806.6782	153165.317	143655.5618	141698.3167	83787.58548	90005.80721	112883.0159	120928.1535
116056.486	153159.6123	143765.4283	102920.5313	35554.97652	140562.9661	203640.6672	148237.9884	160374.2522	130050.8141	155490.0887	129242.6208	128129.8938	90642.84229	97822.43473	98749.38339
69310.28626	177587.6262	169911.7711	97568.56933	34790.67529	138813.2371	204973.2479	164398.8474	146754.291	151284.6411	148491.0098	141397.8274	100733.9337	111397.9548	113587.7933	89489.28639
59535.65013	179722.2818	117113.2501	61663.37631	37118.77662	153655.9073	168251.8071	151374.4023	130165.5416	176339.9639	157642.1851	158094.0193	124106.6942	77096.53599	124547.0653	97641.7204
75330.95386	155288.6645	143446.3713	108278.9549	17009.37209	135714.8322	182670.5504	190398.6743	153367.3374	144235.8882	144147.7848	168351.573	120559.0571	105603.6099	114070.88	76406.75048
101738.4584	141562.1681	161747.341	90648.04013	25109.38532	166131.8147	166125.1284	175394.7791	145768.9684	152958.3398	131370.7207	136640.3777	106805.8744	110389.7139	92851.80735	84568.28625
76271.57453	182246.2908	133690.0945	92096.38005	32675.35739	117319.7631	204017.2105	138054.5322	172175.6114	155004.1509	169567.6089	137145.8278	109297.7887	103232.9889	115211.8913	93803.2322
104762.1342	146628.1422	147486.2437	123253.3808	8607.5519	143102.6815	179417.5289	163022.351	156696.2282	192122.9246	134739.9348	142884.5928	105878.8508	118420.2509	83346.11177	62128.87605
62159.28356	171722.4563	138297.625	115427.2627	43502.02294	153320.4853	223592.7841	180704.7894	165532.23	159779.3626	147904.9395	145339.7141	119560.216	83152.23149	136835.3398	73931.12466
96365.34982	136806.5362	140680.4629	74343.95844	12627.42183	160020.8323	195690.9798	208367.1623	186541.8608	139174.4263	144917.1025	143978.6241	101240.6416	92799.71848	115859.2522	95031.87734
73362.29712	152016.8768	161783.088	96674.14657	56599.25936	181484.4893	188642.9657	161542.6083	150297.4189	143171.8951	113887.8495	130274.3357	89456.04586	107352.4165	73232.81205	127616.6986
90406.05509	163917.0856	138155.731	85602.25445	41972.88018	143245.5392	184829.0359	210287.3184	154161.8718	148079.1108	131220.7433	159046.2937	91610.12309	98396.5813	107428.3675	107617.2069
95655.62708	160754.9575	140204.2704	87412.90593	37139.22867	88911.52122	178852.508	152796.5491	140887.9825	131941.8988	124380.0708	140484.0208	120549.4556	111627.287	134133.343	92222.99064
108665.4514	150170.8523	143714.6975	107136.8638	37756.65507	123995.6052	186486.0198	162456.7767	197788.5386	107350.5296	148788.5084	132736.6833	115573.163	117483.7742	115755.3377	90411.59704
62848.84458	181667.6902	166048.6121	78655.31889	28193.74754	125175.7605	164120.9303	188119.4993	169865.799	143371.5828	136185.8526	131294.317	107039.2668	88692.68141	83484.05623	121809.9579
95655.41159	194603.5226	144849.4382	121604.147	26400.54214	164016.4857	185436.7017	176492.9826	143688.4189	135771.8011	156540.4067	139481.2817	101702.7878	117235.4578	92716.47953	104496.7664
90251.59186	187555.2349	132466.9987	111668.353	45947.46413	153449.5462	193584.6332	162189.9552	144276.535	115092.6535	156789.3971	142364.5037	117635.062	116206.0706	121684.5624	79182.16441
77376.82808	143126.8121	139621.9543	84754.31632	34874.77686	130427.0487	172785.4844	157489.1145	173485.5491	138218.9981	136558.2154	135466.1539	100136.5142	112501.9745	90740.08319	65262.89646
85053.80223	173356.4942	141992.5737	78812.92382	10455.05427	162134.8921	180882.0324	141666.5557	132609.9268	163600.7769	130354.6461	116107.0609	96956.6493	93207.9579	90775.67074	82229.6918
92203.91089	157866.8154	151320.5285	78978.44769	43201.00531	168295.3595	192879.7674	179008.6562	110545.3254	185822.4547	167324.0445	149473.2219	137870.3356	110302.3321	102311.7944	91983.47374
103785.515	198088.1133	136894.6157	109609.9251	44826.6002	122261.6512	182649.9265	174522.1944	158629.1681	162145.6456	134301.8814	111846.6332	114412.4839	118000.8528	83232.72562	103685.0171
96980.94493	150604.1228	142178.0495	81267.26149	28183.71281	139481.2118	207448.7071	147696.2687	152668.9978	128873.0592	163146.3682	132959.2996	119883.2201	109838.8395	119564.5382	81275.88107
111695.3487	183736.4613	135989.6964	84277.46953	45692.19675	147478.3043	195013.7708	149792.0282	144122.325	146366.4417	160914.1435	88704.52383	111689.7202	96213.09185	97487.00899	89227.79231
91099.98316	151732.4478	158577.8916	101982.2207	23084.98932	140891.3875	165256.009	190894.1957	135347.6144	147719.1602	154908.6005	120560.394	103003.7151	90105.42321	111754.2163	90141.68031
88555.82296	192452.4221	134311.0473	86353.45978	33994.93279	151852.0196	188239.9258	188787.4677	173393.6427	143433.4969	130827.1057	106748.2782	124752.0635	99502.32985	128532.9834	95444.0353
62043.78174	173150.6275	146727.7291	88402.54998	35603.25648	121243.8912	215010.7978	192220.8833	195007.8228	154159.0251	131456.8586	148882.2673	124399.5783	100812.4402	113675.7966	90098.10419
81106.48057	161500.7282	130737.74	119291.9533	24768.54588	156131.0726	156274.2351	169818.7197	166520.4476	180253.1501	150799.1656	147713.681	128191.7005	94303.41085	116399.235	81054.32653
67912.24417	168286.2934	148789.3852	97710.32989	32703.08101	122280.0533	193320.2117	150935.2287	192169.7762	161389.5777	142093.0555	149302.0923	108550.0937	123091.3467	83385.76083	88947.45689
71422.5377	155063.4165	144998.1994	109398.6196	16435.7413	143504.2785	194341.1722	174542.2794	159783.413	158683.4122	155727.9978	120880.9378	97886.1056	102085.2833	112470.4146	84919.38711
114473.5695	158724.736	131274.5431	105445.7089	41071.22729	117381.5832	194552.6542	206381.8485	144168.1059	142495.8462	177003.4775	162843.4708	98980.77852	107036.7593	108506.6932	75945.68408
93751.2224	190226.9637	116238.3351	93711.53055	43835.4772	144447.7784	198646.8288	151755.842	117760.4004	180966.2621	143573.2975	134869.169	101945.5566	88979.28052	101203.405	76937.25679
74339.81133	172943.0762	124290.0781	76171.45623	35346.68819	142498.4033	174455.9146	172183.4265	180637.0635	148953.3417	127530.7053	140329.2938	125817.1074	114849.3041	88262.82501	92677.84835
78263.32547	186769.7549	141776.3899	126075.8548	48426.18357	163143.5368	189154.0651	174837.3112	128708.7145	163778.1177	138170.3616	123204.721	118775.5731	108973.2788	99440.47409	81843.80355
82100.47602	160895.6597	148403.8493	108933.5682	45573.10914	108259.3477	175877.9908	185509.2628	152018.9301	161765.9893	138734.8484	128734.852	121504.9068	112987.157	109206.3046	95822.40977
92102.73563	145312.9936	150950.4297	95986.09349	39092.18618	155680.4675	200878.8661	154015.4175	135788.6479	156664.7953	142146.1098	162296.165	116994.6946	117696.0202	112666.3127	90672.55864
84543.91906	152597.2301	158215.6323	99405.78441	49731.85245	128944.6184	156667.3237	205546.7419	171408.8825	155122.0108	134955.1153	139167.9595	108924.0879	108861.9631	111348.5857	106733.5871
93142.80824	164179.2771	146067.0669	94473.72037	28898.29819	128397.5072	205212.7259	152589.154	135320.9015	149864.9892	144009.0989	130031.4207	87139.63697	119036.2956	125943.2975	85499.8235
86157.63139	151287.9304	147797.9631	105042.0108	20008.87437	126366.7548	201278.7532	177685.255	181226.2035	166226.1802	163230.1044	131808.6962	126281.1469	106166.0532	115735.6962	76469.33585
85324.21567	160487.0293	130095.7175	98775.35502	34730.99423	168117.1435	171972.7277	167593.9107	155707.7713	151275.6571	150223.5922	133233.9533	135221.5006	97052.66861	115543.497	76331.37302
94054.66075	181236.0778	120596.7768	99298.65463	37093.12442	150728.9697	215477.1094	201182.2788	150905.702	107452.5402	131367.866	124907.538	102004.399	115120.1551	117041.9817	80191.46499
109850.9905	145116.7592	161487.8607	78201.4593	5037.899939	148042.1351	216559.6616	163305.9086	143032.6358	146729.4459	134769.8576	156924.8875	126761.4817	104195.1111	137139.1241	92880.37066
84771.70482	181854.3947	154252.844	111689.6289	46269.14443	132092.1836	161491.2355	172678.5019	142698.7658	124698.4402	163519.2821	135051.4753	118296.469	77936.15478	114247.677	99035.62189
84392.14366	174430.9113	150958.2139	94613.64151	51089.45364	120019.6113	211532.4285	160804.5975	149418.5574	149477.9121	140893.0031	138767.8701	120875.0828	130186.5032	133087.0249	82268.64809
79083.78141	164302.603	132410.9624	78759.87531	16575.66945	144555.8526	194374.7133	182459.8778	152108.0427	148283.6696	128629.8897	141935.891	120094.2369	116796.0473	102333.5848	104642.8586
88785.91035	165492.944	111306.4022	95350.37579	24661.52716	124259.1686	164765.3305	182674.0545	166760.1102	143062.821	153947.3648	120185.7241	133331.1073	110443.1691	104798.553	83353.12024
99965.76781	172990.1049	150598.974	88788.73787	49351.05986	132733.5211	199354.5211	206035.6985	113697.931	160496.6768	129658.0998	137663.3017	111383.9025	106752.9958	96774.47424	82791.75837
122164.1664	179217.2163	135515.2258	67262.13496	11087.09438	127416.186	182356.535	156450.7649	141706.4032	149110.0193	174025.2886	129117.3752	90714.52437	89201.04683	122489.9533	97287.26518
68082.66651	187199.8463	128159.4726	94371.19285	34742.72185	173500.8779	168688.2475	194687.5782	160208.0655	144237.8165	155221.4932	126047.3104	118260.8696	98370.55762	91846.30768	82811.6104
104770.2624	197914.2106	135491.9768	66434.10075	51749.85211	128597.4898	193527.1364	202447.0222	134448.4245	138793.6595	137232.0703	138977.7972	121860.4307	100923.4003	102075.0341	116013.4798
65589.35805	189338.8174	141655.4238	97199.52006	48472.89499	136252.2084	189358.2743	183329.9865	167700.7392	156578.0023	139203.4524	123966.143	108821.6625	111014.6168	95168.38664	73544.38794
95810.27841	175337.1327	161906.5185	84983.35754	31080.11869	164650.8717	179507.2097	178769.2615	124049.5219	151456.9013	137868.8285	153020.7817	96890.77803	91822.76356	100538.2668	92673.85449
110358.3597	192088.3471	150939.2267	109595.048	28520.24165	97515.32979	157005.434	155679.4741	164829.4341	115465.7438	117966.1364	137327.0137	143967.7218	105625.3729	98505.87845	89899.47781
76980.70121	169726.0163	138709.1763	113046.3551	19833.52814	121358.0046	191027.854	145231.859	124035.8514	157816.3516	134240.0515	135400.8299	138964.3881	84329.27916	100235.9517	103866.8544
75852.96587	191257.8824	168895.6433	104473.698	48930.28544	155640.5671	193322.8722	170662.8539	144294.6753	153837.048	148215.1276	115291.0399	110069.7228	93042.23529	125392.7822	93789.65325
90098.15233	206183.8685	125538.312	105745.5749	44060.11175	159102.9891	167014.5262	156185.9375	177569.1701	150377.1873	158142.8477	155733.9741	104626.9976	105033.4227	121820.409	90195.47315
86385.46678	172694.9981	163136.9732	109414.8095	22194.79192	151683.6292	178022.4445	163443.5877	143500.7023	133905.2675	183258.6433	122652.0067	101370.4496	97368.63426	104029.8996	74747.31752
86585.46634	176570.961	133778.388	94067.00091	10433.4393	118146.4753	206615.6033	161281.0849	175908.7085	148095.4609	131977.0128	125112.415	117730.8897	110873.7273	100208.6929	91602.627
113052.3659	163750.3025	129150.3275	107535.7479	26217.48337	130811.0852	187992.9208	159582.7872	155000.2681	135986.5144	156998.6255	140099.2204	116298.3166	85659.7078	105026.5665	104544.9406
97444.81322	178438.2928	145172.8201	101893.4442	29835.31645	141586.3695	178387.0518	187497.6293	136446.7971	155060.2437	147047.4015	128567.6149	105458.474	102187.1362	122452.9362	86682.14131
67313.7181	162126.0452	135122.5181	107844.7739	45152.95999	142143.4234	184191.0535	168173.1492	168408.3696	138119.5087	154851.9395	126563.2454	126501.9596	96612.31616	116871.5196	90116.44182
77511.42107	180486.2849	153180.8061	124902.5326	36381.57721	134982.855	188740.664	182235.3018	143198.5693	147492.0578	153598.4426	129657.255	109671.8652	84792.03405	93659.02191	77484.97267
53812.90944	124926.6613	153496.3656	87085.07933	32483.13406	123533.8774	216850.3764	192983.6884	165810.1591	155043.1097	134109.4348	118094.7074	110458.019	111908.2069	126550.0189	95464.22647
81198.80706	166149.7658	141885.9834	99512.58797	17575.8319	134537.9655	202315.6478	191513.4786	164679.7428	141249.1527	134810.6701	148610.3046	113433.0101	92618.91622	106117.259	93536.63393
75478.9072	179735.1775	148387.3831	87587.61741	23880.85821	112269.7613	140483.955	140531.9022	162091.4994	160236.4788	138423.4843	155203.2455	124255.6103	112330.7622	110041.3885	91755.48298
112313.083	146975.0063	158454.3552	77996.51801	29727.24286	137440.4585	213559.6097	156323.3397	146035.7162	156380.2205	177463.3054	131565.053	121035.3594	94497.82143	97414.34027	83233.17569
105072.8222	177282.2156	130590.5373	121700.156	31991.22277	125289.1075	180295.0316	162300.1548	183583.5487	184707.7444	167514.6898	120467.0851	122961.9368	102117.6716	103198.8802	76275.8303
71748.90518	182138.7866	138842.4932	91832.79013	48302.50952	187280.0552	167267.4515	144591.2469	156704.6256	131068.5569	132542.3485	156754.7259	118960.8017	104779.3378	102204.2171	70747.56696
79266.21972	191574.3359	150842.7023	118075.8545	31127.81556	116670.7743	172561.0876	156226.7435	183487.6218	151293.831	151465.8374	126741.4863	113147.3489	113341.8964	127913.6141	104398.9848
88336.85133	173573.276	141541.2738	98125.43942	34344.50052	141888.7821	187667.914	168553.14	145305.5179	176859.3453	140755.9286	134764.1484	107372.7479	104813.4523	95731.4094	94886.90851
82007.75053	168862.4213	120446.8148	103019.0958	44979.89879	146609.9512	170827.0567	184189.1485	197187.2693	154567.3066	153889.4882	121841.0839	108325.2566	111337.1972	136485.6457	94140.50899
64092.026	184980.0846	155870.422	120085.805	29970.47525	156406.6054	220340.6353	195222.4682	154418.5242	125441.8135	158713.0309	140413.3412	109176.6583	106496.3203	85729.86209	89228.98834
74761.06293	180957.4981	133093.1762	84271.04072	37937.46123	174344.9612	167642.3741	170362.7741	172727.6541	127748.1307	127694.3731	161422.4346	136968.8748	90932.48809	107424.908	94415.42978
65618.05996	177900.0493	136958.0155	103960.0286	46778.33704	120525.8738	159676.0074	189510.6303	145899.8968	138635.8246	165067.4315	152311.7268	117672.3232	113758.4365	109291.1674	73339.18213
128588.3798	192718.5074	137608.1059	126119.4655	36048.83139	126711.0964	208344.1287	197427.0427	147917.2127	152408.7384	119040.5025	141714.7904	126627.0945	96219.77682	84436.6767	82320.47907
105540.4625	159047.3665	151308.3218	101488.754	17364.78098	140051.1686	181358.3865	182705.5984	144483.6266	124016.0223	142257.7013	115052.7844	142755.7801	108698.5617	119678.2727	77281.29045
84022.41547	180741.9231	128560.2869	116505.2145	20985.3466	143705.3267	209486.035	159631.9671	144034.0852	138409.3285	132832.9419	159471.641	106948.548	80601.22434	107810.5204	76262.68868
88879.04369	179943.0192	144202.9913	107065.5697	41478.79416	144574.8691	175584.7259	195386.0114	157917.3031	147761.5038	170825.3878	153126.8337	119539.2702	101558.7313	100685.8998	76615.2259
132953.7976	164445.0755	142450.1042	105822.036	19621.57099	142394.0979	177924.1947	134836.9438	123509.5599	148197.5678	109101.1454	133862.3395	101098.056	92589.65366	111129.3331	69241.9642
90840.75632	148370.4333	155897.3606	99238.77763	10439.67489	124626.7917	207218.5674	176970.9521	140640.2754	147825.9392	136788.2108	118542.805	122566.568	113278.5842	111648.1061	106327.6358
82164.98845	202422.6798	145670.6334	100519.4808	42344.43653	150529.7556	166743.2626	163492.1829	154853.7388	159037.2859	134154.2492	143304.3623	124400.0855	114914.6889	110504.8242	103099.4435
72892.22811	182992.1177	161195.7806	85475.36881	20458.72234	116443.0402	173817.3857	165679.0522	179903.8941	159334.1118	145436.5692	134165.6691	104176.9867	121107.8871	86228.23385	106797.1482
89141.36627	163807.8417	139407.1408	87569.31456	35477.19939	149796.1729	162122.7774	152314.6955	143638.1995	133561.4917	136251.6955	127927.0318	109600.8159	105408.3777	153587.2572	97926.55714
101888.7275	176354.6408	163643.1887	96609.5741	48456.02884	141626.7261	204755.2585	193106.379	155487.1815	160631.5418	148185.9228	156693.116	121985.0909	84104.38285	114488.0027	91257.11048
79666.65595	194072.0635	134799.391	107277.9859	28206.40149	99835.70112	192386.1109	159743.5575	183007.9061	123454.3992	138232.3886	128530.0733	125082.5438	114581.5843	106225.3874	79214.53178
85229.46473	148697.0164	141857.202	90208.23141	32414.7941	122080.1756	168210.8688	171866.7653	144932.9744	161965.5028	147593.568	141183.9036	115835.2646	107149.8642	100332.8664	83132.61053
96716.76548	162883.6131	139066.9554	95991.80728	30533.6178	141774.9749	153387.8403	155177.8336	148271.304	173265.5543	142658.0751	137678.287	121333.8799	119082.6048	110025.2636	86412.51557
85700.37911	141668.1286	124102.7007	96070.36824	22399.524	121762.2412	174039.4176	182807.1303	135965.869	157865.5583	136436.4518	150306.7826	94937.81355	92747.49096	103077.8403	100257.7753
76868.80082	193887.3444	129728.2819	101403.1501	51833.43065	158926.9609	188164.9364	174071.9926	185863.2984	162713.1423	138868.4604	159493.54	111295.7975	122392.3815	95281.93991	85481.70284
92500.55709	147409.6201	171954.048	107509.4298	33816.82701	155386.6158	170584.2642	168465.7372	143748.1454	147525.077	130223.1484	151832.3085	94971.25277	105943.912	111275.5758	93666.98898
94931.41186	160079.0053	162815.0548	92166.40656	45866.25004	152448.2069	217311.0657	165249.159	190490.8079	148593.9239	156101.1884	126225.8749	107864.8434	114377.2403	119277.5835	96001.0611
75837.67799	163139.0464	150322.4255	103462.8032	28259.24116	111074.2174	188324.1928	183031.7248	136603.7019	164205.8298	139599.0773	135308.1115	119684.8868	114896.5338	112900.222	88623.52013
78003.7276	158917.8236	161621.5639	100999.9461	55911.86973	152117.368	188629.5595	171191.2428	143282.1194	145772.1646	156676.3161	131254.7238	113609.1518	99768.9614	86323.77344	85089.68843
100889.7729	158270.9091	154208.8349	88554.09674	34217.20991	142172.2308	143077.1918	133119.0225	135157.5874	140790.8754	123906.7267	128886.5867	116258.073	121510.9832	125868.048	86354.505
81079.60176	171701.0023	145464.25	89506.11069	8928.824657	120124.3764	217172.7051	156402.0669	185055.0448	145838.2687	132123.4566	146292.1367	100121.9116	99714.20682	100708.4823	87863.06105
112498.1033	205234.8811	157242.8681	106271.6145	35911.88604	134853.0651	180094.0083	154717.8171	155294.9189	168723.1633	129246.5167	129970.5545	116710.9103	106810.6178	147794.9845	85286.12582
77395.39568	151431.3866	149451.3891	86257.05396	42894.14742	120488.1649	192325.9596	177068.7891	159456.0169	145592.1161	174153.5966	140784.5535	101131.491	102360.9803	95896.92595	68758.32642
70563.32289	168882.3466	142182.9838	95134.53354	22786.96961	124937.4772	195731.6255	167251.6326	117305.1768	171455.5894	141048.9707	138679.9002	118434.3055	101301.2726	121441.8249	80520.2825
75178.13247	163236.1621	141642.909	91562.47247	33491.97599	106924.3597	205544.5206	189266.6354	135460.4397	152951.0147	151373.044	134773.2217	127602.5503	95417.20563	90867.84124	78693.98471
88518.31308	170391.497	154367.3374	100696.1094	41499.41385	148528.1445	151360.677	150633.069	142981.6255	149404.1036	155139.3359	132329.3745	125299.7801	108415.688	85694.55249	97426.04029
101870.2923	150273.4466	138157.4389	98702.95841	45050.17947	127034.5849	199280.1	166465.8986	111980.7204	135606.8875	147029.7327	131945.6837	108983.105	107483.5056	111621.8228	82409.28222
93353.37046	161519.2321	124874.5964	79057.72021	31994.30044	130072.8604	165438.5716	168649.4773	104609.61	138746.9353	134259.4045	145073.881	103785.8675	117089.1136	119637.7354	98307.2908
96392.35122	168209.7966	147094.6937	79271.00736	41945.78906	154261.3343	215045.6477	207076.1483	151591.8551	163467.4955	135729.6243	143200.9779	111254.3091	114420.3617	114159.7858	94433.79504
111017.1661	157914.7242	123004.6384	101594.5188	31179.18305	145773.8013	194216.4319	183362.0125	164232.0419	139862.8651	141871.9548	116804.6733	101013.5306	107364.3432	117503.6909	109729.9679
106903.5403	166694.8692	159596.9688	88750.43348	33662.92782	155643.9721	173565.3918	189522.9287	153062.7287	117570.9303	109999.4873	125642.2361	117151.1434	98371.80973	122375.1935	93694.5554
72599.23845	191964.7485	118988.1488	113954.5193	34238.48274	140523.2938	165300.6957	154821.7718	169278.6592	122200.9936	116697.0128	130920.426	126104.8148	117756.5188	102157.4773	81480.75026
87017.32133	181802.1248	167283.9921	113107.9154	16912.62617	159051.4808	169727.8139	191055.8275	150200.1805	147240.5747	143236.9038	143198.7379	107462.0233	105125.2258	112800.2983	82007.36664
106332.6291	178879.7543	141660.4276	66568.06272	36640.47952	163862.1543	215469.3007	171573.348	172676.0609	139582.9567	161633.4194	121431.7851	104712.5806	131237.1936	114253.2337	82903.15083
84287.34344	177774.0721	132365.162	87061.34379	20272.82807	145227.8986	144499.3028	177763.7745	119750.9721	162509.6341	166720.7886	160976.3086	122446.7465	90224.07074	85335.96713	74080.70581
99386.61758	191870.1835	155122.7769	104575.5009	36806.16049	114924.9369	171814.4576	143784.8196	196094.6739	129597.5464	156683.5888	177982.1445	87494.36198	110146.5762	114444.5229	88918.71426
87549.6108	177409.1459	117232.389	112421.4498	21806.78766	114287.4	175066.6812	163903.7932	166811.0057	146463.9848	127094.2494	128453.6293	122670.8676	101057.501	100281.573	93820.56798
118153.459	179733.8905	141247.6825	91292.16694	18412.57979	175768.9952	155561.3984	208882.9078	140889.6236	178639.1134	152345.703	131080.0805	118637.1813	83292.8876	96142.7559	97282.09473
97577.0779	146722.7566	136802.4755	98913.66851	26519.7858	141478.7751	208929.8618	191825.7367	144189.9724	139541.9964	161200.9989	132661.6704	122087.8626	86362.9383	94544.07522	95256.53344
62726.32723	193031.8605	156728.9228	93413.02426	35928.78399	125851.6108	209919.8017	194549.3506	163165.4142	140890.0228	165066.3377	140215.3452	123183.4309	108945.4642	75563.85933	108382.6535
80059.42767	172535.9028	150996.0662	116690.5892	49989.05537	148919.6895	197334.0983	201382.9589	139522.6099	160683.3977	156894.8317	146561.6526	98531.43385	133389.1713	127455.987	92828.39348
88285.07677	167295.7964	176788.4806	80312.27844	36607.05826	145936.9281	178615.5436	181821.0181	172153.1551	180835.9438	134617.2318	136496.4328	83315.24457	89960.14053	132732.9026	88082.21467
99635.81651	156253.882	118913.2556	104707.1541	20783.3335	165720.1763	180742.1807	184808.4864	151154.3469	170253.3893	126251.7052	139596.6586	99955.244	91022.95011	129870.9379	99613.38022
73907.7691	157318.0636	139425.4457	92383.72654	7901.338502	134796.9968	195355.1882	176073.0744	191892.4992	149057.7892	160097.966	130055.4552	113708.6912	104498.3954	113096.4157	94215.50866
100435.8706	173958.6623	143808.2537	105407.6628	36688.64369	120611.0522	193658.6448	174357.0043	190381.3074	155468.057	167252.8328	146405.4784	125763.1534	105996.1644	119345.576	95763.73396
100335.2297	154174.57	145837.6035	104247.9612	27861.42602	150376.8232	180753.7036	192700.4658	146056.7189	123521.0858	135984.3774	117559.5906	122136.9615	114784.0315	97575.14511	98613.50554
86287.47865	178213.341	108686.2915	109457.1246	25819.14446	138173.4006	220228.63	148120.3661	150720.6139	138223.9504	133761.9872	115771.3332	100171.6786	101531.2639	96357.89388	112945.6817
87702.26965	163810.8179	140061.3468	112660.3699	17470.46946	100649.944	162489.0573	133493.7725	122069.3744	157095.1916	125842.4949	154757.6235	96514.42607	123416.0879	103518.8629	76433.80179
109343.6532	140978.1502	142888.3853	90403.99873	30965.25733	161593.2761	219948.0313	177686.3753	163479.9843	183449.2627	144520.7891	139515.7569	107716.3609	101729.1401	113933.8069	86172.39122
81522.84749	172661.7835	175664.4679	111109.4795	32051.02505	113976.0004	183197.7618	191227.1999	156729.5555	150465.1215	137548.06	151809.7308	106447.2856	118316.4256	114513.2061	79408.24969
73244.08605	155430.3404	141067.9842	87305.48714	36554.81387	134030.6978	159971.2158	180373.6984	175212.1282	140983.6672	162677.299	136401.3819	104356.137	93831.86186	100740.1667	89058.34898
105964.2817	157512.0741	116027.7536	107276.7444	31136.44544	119952.0132	211230.7846	167243.4877	125296.8267	147808.1976	172683.0696	117623.3961	114057.0876	95683.70239	140276.7027	99018.10729
86823.14244	192665.7751	127297.8659	95921.80626	31497.15722	128072.1982	148378.7288	187358.525	169066.2249	137060.6067	142188.4186	149700.8553	114704.1795	113463.1868	100140.5501	103363.1955
94385.36713	166689.7697	132443.1102	93447.80554	45054.64053	130263.7249	187397.5842	147912.6021	162677.4468	177782.5432	132203.8219	135222.9654	127473.9713	102678.676	129663.3652	80151.34996
101479.3869	163107.1074	153944.5227	85104.48725	35832.09524	164864.8087	154303.8996	178852.2764	174951.2864	143493.4883	134831.7478	131590.3297	97353.14295	107876.1905	96208.0722	70797.93734
86001.93884	176394.0986	132980.5528	88700.18828	34961.35334	122581.1653	201423.3336	172944.1671	142058.0931	121784.7286	154165.5579	125133.8342	98993.27381	102150.2449	129231.4017	68244.59069
79359.29721	173711.9053	139791.0819	106119.6326	22555.70334	138473.2778	191930.1228	161707.319	127662.0166	145698.3232	153019.0399	151605.0459	116035.5144	94737.41457	81516.81709	95969.661
88339.90621	166287.603	117519.6864	102721.4145	4686.481539	119056.837	152655.8935	149194.9707	139253.729	171749.3505	141007.1039	134304.0608	107366.5231	100612.6696	103538.3029	85799.57695
89885.75664	202140.2972	106371.3384	61155.90117	17922.57998	169380.2548	183026.2703	141234.0283	176925.0971	142309.3921	121401.1598	155601.3215	96249.56081	103672.17	110833.7015	89157.32956
